iter rms       Phi            Phid           lambda         Phim           gnorm          step       nfg
   0    71.532 5.11684228E+03 5.11684228E+03 1.00000000E+00 0.00000000E+00 2.99394112E+02 0.0000E+00   0
   1    63.748 4.06382096E+03 4.06382094E+03 1.00000000E+00 2.13613496E-05 1.45400565E+02 4.2246E-01   2
   2    63.415 4.02149362E+03 4.02149360E+03 1.00000000E+00 2.60487446E-05 1.48902840E+02 3.5523E-01   2
   3    63.378 4.01679231E+03 4.01679228E+03 1.00000000E+00 2.81872740E-05 2.78146787E+02 4.6505E-01   2
   4    63.247 4.00018179E+03 4.00018176E+03 1.00000000E+00 2.92403735E-05 1.01978242E+02 1.0000E+00   1
   5    63.169 3.99038224E+03 3.99038221E+03 1.00000000E+00 3.08540516E-05 1.43962717E+02 3.5416E-01   2
   6    62.715 3.93316533E+03 3.93316530E+03 1.00000000E+00 3.12781365E-05 1.34813139E+02 1.0000E+00   1
   7    59.757 3.57086511E+03 3.57086507E+03 1.00000000E+00 3.91557866E-05 2.29965122E+02 1.0000E+00   1
   8    57.002 3.24922761E+03 3.24922755E+03 1.00000000E+00 6.38661856E-05 5.93458730E+02 3.6116E-01   2
   9    54.621 2.98346634E+03 2.98346625E+03 1.00000000E+00 8.79301947E-05 5.12907053E+02 1.0000E+00   1
  10    52.654 2.77247735E+03 2.77247724E+03 1.00000000E+00 1.10648782E-04 4.17331488E+02 1.0000E+00   1
  11    48.714 2.37302757E+03 2.37302746E+03 1.00000000E+00 1.13113314E-04 3.20780035E+02 1.0000E+00   1
  12    43.680 1.90792996E+03 1.90792985E+03 1.00000000E+00 1.07904388E-04 8.62023944E+02 1.0000E+00   1
  13    43.177 1.86425453E+03 1.86425440E+03 1.00000000E+00 1.26466521E-04 2.89867888E+02 1.0000E+00   1
  14    42.747 1.82730960E+03 1.82730947E+03 1.00000000E+00 1.25084952E-04 1.93591371E+02 1.0000E+00   1
  15    42.081 1.77081594E+03 1.77081582E+03 1.00000000E+00 1.20743047E-04 1.83788809E+02 4.8948E-01   2
  16    40.636 1.65125588E+03 1.65125576E+03 1.00000000E+00 1.20693722E-04 1.61789391E+02 1.0000E+00   1
  17    40.254 1.62040325E+03 1.62040312E+03 1.00000000E+00 1.27015656E-04 1.19893653E+02 1.0000E+00   1
  18    40.197 1.61579144E+03 1.61579131E+03 1.00000000E+00 1.27799918E-04 1.14273058E+02 1.4936E-01   2
  19    39.800 1.58400048E+03 1.58400035E+03 1.00000000E+00 1.32568938E-04 9.76750121E+01 1.0000E+00   1
  20    39.188 1.53571892E+03 1.53571879E+03 1.00000000E+00 1.36836327E-04 8.80708749E+01 1.0000E+00   1
  21    39.106 1.52929201E+03 1.52929186E+03 1.00000000E+00 1.43255253E-04 2.71666850E+02 1.0000E+00   1
  22    38.609 1.49063801E+03 1.49063787E+03 1.00000000E+00 1.41766650E-04 1.07672505E+02 1.0000E+00   1
  23    38.187 1.45823381E+03 1.45823367E+03 1.00000000E+00 1.37792271E-04 1.06633779E+02 1.0000E+00   1
  24    37.513 1.40723461E+03 1.40723447E+03 1.00000000E+00 1.33532726E-04 9.32409432E+01 1.0000E+00   1
  25    37.113 1.37739208E+03 1.37739195E+03 1.00000000E+00 1.33930038E-04 7.56914783E+01 1.0000E+00   1
  26    36.546 1.33559651E+03 1.33559637E+03 1.00000000E+00 1.39884290E-04 1.19490713E+02 1.0000E+00   1
  27    36.002 1.29616035E+03 1.29616020E+03 1.00000000E+00 1.47301581E-04 1.06889243E+02 1.0000E+00   1
  28    35.606 1.26777592E+03 1.26777577E+03 1.00000000E+00 1.54607456E-04 1.00869912E+02 1.0000E+00   1
  29    35.174 1.23721917E+03 1.23721901E+03 1.00000000E+00 1.60362374E-04 2.99032768E+02 1.0000E+00   1
  30    34.686 1.20314627E+03 1.20314611E+03 1.00000000E+00 1.57643060E-04 9.99650545E+01 1.0000E+00   1
  31    34.545 1.19334709E+03 1.19334693E+03 1.00000000E+00 1.56719720E-04 1.20797735E+02 1.0000E+00   1
  32    34.413 1.18422816E+03 1.18422799E+03 1.00000000E+00 1.62706774E-04 9.15911250E+01 1.0000E+00   1
  33    34.026 1.15776748E+03 1.15776732E+03 1.00000000E+00 1.63820237E-04 7.89130856E+01 1.0000E+00   1
  34    33.654 1.13262103E+03 1.13262086E+03 1.00000000E+00 1.65459070E-04 1.19729466E+02 1.0000E+00   1
  35    33.286 1.10796764E+03 1.10796747E+03 1.00000000E+00 1.66512206E-04 9.35693783E+01 1.0000E+00   1
  36    33.075 1.09395889E+03 1.09395873E+03 1.00000000E+00 1.66843978E-04 9.65692906E+01 1.0000E+00   1
  37    32.818 1.07701696E+03 1.07701679E+03 1.00000000E+00 1.69998252E-04 8.91150755E+01 1.0000E+00   1
  38    32.743 1.07211426E+03 1.07211409E+03 1.00000000E+00 1.74620377E-04 8.46064302E+01 1.0000E+00   1
  39    32.605 1.06305653E+03 1.06305635E+03 1.00000000E+00 1.80543119E-04 1.01993621E+02 1.0000E+00   1
  40    32.313 1.04409952E+03 1.04409934E+03 1.00000000E+00 1.80364838E-04 1.11661869E+02 1.3318E-01   2
  41    32.204 1.03708537E+03 1.03708519E+03 1.00000000E+00 1.80325472E-04 5.90600120E+01 1.0000E+00   1
  42    32.113 1.03126697E+03 1.03126679E+03 1.00000000E+00 1.80241966E-04 5.52757086E+01 1.0000E+00   1
  43    31.784 1.01021588E+03 1.01021570E+03 1.00000000E+00 1.79773305E-04 1.73779208E+02 1.0000E+00   1
  44    31.648 1.00157867E+03 1.00157849E+03 1.00000000E+00 1.79578234E-04 1.24203501E+02 1.0000E+00   1
  45    31.415 9.86900252E+02 9.86900073E+02 1.00000000E+00 1.79348885E-04 6.85358299E+01 1.0000E+00   1
  46    31.288 9.78930861E+02 9.78930682E+02 1.00000000E+00 1.79100269E-04 7.74537580E+01 1.0000E+00   1
  47    31.188 9.72670787E+02 9.72670607E+02 1.00000000E+00 1.79063627E-04 4.68685866E+01 1.0000E+00   1
  48    31.114 9.68102983E+02 9.68102804E+02 1.00000000E+00 1.79041992E-04 4.34979407E+01 1.0000E+00   1
  49    30.829 9.50404129E+02 9.50403950E+02 1.00000000E+00 1.79217502E-04 4.76931400E+01 2.4770E+00   3
  50    30.727 9.44162870E+02 9.44162691E+02 1.00000000E+00 1.79309048E-04 4.80420032E+01 1.0000E+00   1
  51    30.431 9.26028201E+02 9.26028022E+02 1.00000000E+00 1.79779806E-04 4.81242318E+01 1.0000E+00   1
  52    30.407 9.24560081E+02 9.24559901E+02 1.00000000E+00 1.79905286E-04 4.64265979E+01 1.5107E-01   2
  53    30.379 9.22889235E+02 9.22889055E+02 1.00000000E+00 1.80068280E-04 4.37279923E+01 1.3667E-01   2
  54    30.366 9.22072274E+02 9.22072094E+02 1.00000000E+00 1.80288709E-04 4.10622897E+01 1.4860E-01   4
  55    30.279 9.16845932E+02 9.16845752E+02 1.00000000E+00 1.80237391E-04 2.94674454E+01 1.9531E-02   2
  56    30.232 9.13990330E+02 9.13990150E+02 1.00000000E+00 1.80196996E-04 3.76495755E+01 1.0000E+00   1
  57    30.185 9.11147047E+02 9.11146867E+02 1.00000000E+00 1.80200876E-04 3.46602934E+01 1.0000E+00   1
  58    30.049 9.02937256E+02 9.02937076E+02 1.00000000E+00 1.80278177E-04 4.02964939E+01 1.0000E+00   1
  59    29.936 8.96176234E+02 8.96176054E+02 1.00000000E+00 1.80458225E-04 4.02549285E+01 1.0000E+00   1
  60    29.853 8.91219666E+02 8.91219485E+02 1.00000000E+00 1.80937129E-04 3.98581944E+01 1.0000E+00   1
  61    29.763 8.85859942E+02 8.85859761E+02 1.00000000E+00 1.81560868E-04 4.01974171E+01 1.0000E+00   1
  62    29.714 8.82950227E+02 8.82950045E+02 1.00000000E+00 1.82080973E-04 4.12709588E+01 2.2914E-01   2
  63    29.669 8.80272630E+02 8.80272448E+02 1.00000000E+00 1.82602660E-04 4.26832709E+01 1.8374E-01   2
  64    29.668 8.80210065E+02 8.80209879E+02 1.00000000E+00 1.86416580E-04 6.71067206E+01 1.0000E+00   1
  65    29.622 8.77460667E+02 8.77460480E+02 1.00000000E+00 1.86676516E-04 8.54755658E+01 1.1475E-01   2
  66    29.446 8.67089343E+02 8.67089157E+02 1.00000000E+00 1.86594550E-04 5.19752534E+01 1.0000E+00   1
  67    29.369 8.62552014E+02 8.62551828E+02 1.00000000E+00 1.86567380E-04 4.21615028E+01 1.0000E+00   1
  68    29.273 8.56932542E+02 8.56932355E+02 1.00000000E+00 1.86615661E-04 3.90093125E+01 1.0000E+00   1
  69    28.881 8.34097754E+02 8.34097566E+02 1.00000000E+00 1.87674531E-04 5.60312645E+01 2.3183E+00   3
  70    28.793 8.29013894E+02 8.29013706E+02 1.00000000E+00 1.87617165E-04 6.20566810E+01 1.0000E+00   1
  71    28.727 8.25255247E+02 8.25255060E+02 1.00000000E+00 1.87821214E-04 3.39155897E+01 1.0000E+00   1
  72    28.662 8.21489383E+02 8.21489195E+02 1.00000000E+00 1.88130664E-04 3.40141355E+01 1.0000E+00   1
  73    28.539 8.14468661E+02 8.14468472E+02 1.00000000E+00 1.88878291E-04 3.20454007E+01 1.0000E+00   1
  74    28.431 8.08305675E+02 8.08305485E+02 1.00000000E+00 1.89784679E-04 3.52009451E+01 1.0000E+00   1
  75    28.324 8.02254172E+02 8.02253980E+02 1.00000000E+00 1.92768727E-04 5.13355434E+01 1.0000E+00   1
  76    28.161 7.93053495E+02 7.93053302E+02 1.00000000E+00 1.93089899E-04 4.71915513E+01 5.5832E-02   2
  77    28.092 7.89138698E+02 7.89138505E+02 1.00000000E+00 1.93148463E-04 3.87016018E+01 1.0000E+00   1
  78    27.999 7.83932435E+02 7.83932241E+02 1.00000000E+00 1.93469112E-04 5.01109197E+01 1.0000E+00   1
  79    27.966 7.82109505E+02 7.82109311E+02 1.00000000E+00 1.93520649E-04 4.33189695E+01 1.0000E+00   1
  80    27.934 7.80334477E+02 7.80334283E+02 1.00000000E+00 1.93689331E-04 2.95888445E+01 3.4271E-01   2
  81    27.884 7.77519770E+02 7.77519576E+02 1.00000000E+00 1.94088349E-04 3.02201171E+01 1.0000E+00   1
  82    27.799 7.72783725E+02 7.72783529E+02 1.00000000E+00 1.95467958E-04 3.35003760E+01 1.0000E+00   1
  83    27.775 7.71462886E+02 7.71462689E+02 1.00000000E+00 1.96789745E-04 3.65759050E+01 1.0000E+00   1
  84    27.769 7.71104796E+02 7.71104599E+02 1.00000000E+00 1.97144818E-04 3.55166165E+01 2.2439E-01   2
  85    27.755 7.70349265E+02 7.70349067E+02 1.00000000E+00 1.97653972E-04 2.95350349E+01 2.6286E-01   2
  86    27.738 7.69395184E+02 7.69394984E+02 1.00000000E+00 1.99079463E-04 2.59369293E+01 1.0000E+00   1
  87    27.738 7.69381325E+02 7.69381126E+02 1.00000000E+00 1.99388352E-04 2.68587813E+01 3.0041E-01   4
  88    27.736 7.69274090E+02 7.69273890E+02 1.00000000E+00 1.99975457E-04 2.77082007E+01 1.7660E-01   2
  89    27.734 7.69154146E+02 7.69153945E+02 1.00000000E+00 2.00790719E-04 2.84200831E+01 1.5029E-01   2
  90    27.700 7.67266933E+02 7.67266732E+02 1.00000000E+00 2.00977271E-04 2.69767428E+01 1.5478E-02   2
  91    27.683 7.66344685E+02 7.66344484E+02 1.00000000E+00 2.01066816E-04 2.57574435E+01 1.0000E+00   1
  92    27.628 7.63298100E+02 7.63297898E+02 1.00000000E+00 2.01659171E-04 2.63951339E+01 1.0000E+00   1
  93    27.607 7.62163669E+02 7.62163466E+02 1.00000000E+00 2.02005835E-04 2.87744626E+01 1.0000E+00   1
  94    27.578 7.60554518E+02 7.60554315E+02 1.00000000E+00 2.03197833E-04 3.04115586E+01 1.0000E+00   1
  95    27.572 7.60216780E+02 7.60216576E+02 1.00000000E+00 2.03437033E-04 2.93099610E+01 2.2806E-01   2
  96    27.564 7.59786864E+02 7.59786661E+02 1.00000000E+00 2.03818649E-04 2.86077445E+01 1.6935E-01   2
  97    27.558 7.59420158E+02 7.59419953E+02 1.00000000E+00 2.04316676E-04 2.62569639E+01 1.5753E-01   2
  98    27.545 7.58739097E+02 7.58738893E+02 1.00000000E+00 2.04583833E-04 2.83921563E+01 1.8693E-02   2
  99    27.528 7.57800502E+02 7.57800297E+02 1.00000000E+00 2.04610409E-04 2.32460561E+01 1.0000E+00   1
 100    27.503 7.56411697E+02 7.56411493E+02 1.00000000E+00 2.04908334E-04 2.55253345E+01 1.0000E+00   1
 101    27.502 7.56354015E+02 7.56353809E+02 1.00000000E+00 2.05079752E-04 2.46356436E+01 1.0000E+00   1
 102    27.500 7.56252394E+02 7.56252188E+02 1.00000000E+00 2.05184031E-04 2.36477271E+01 2.2539E-01   2
 103    27.497 7.56076568E+02 7.56076363E+02 1.00000000E+00 2.05367405E-04 2.28627788E+01 2.2148E-01   2
 104    27.494 7.55895304E+02 7.55895098E+02 1.00000000E+00 2.05616072E-04 2.28525280E+01 2.1027E-01   2
 105    27.491 7.55748975E+02 7.55748769E+02 1.00000000E+00 2.05937104E-04 2.34300325E+01 1.9315E-01   2
 106    27.490 7.55686399E+02 7.55686192E+02 1.00000000E+00 2.06333976E-04 2.44048921E+01 1.7397E-01   2
 107    27.421 7.51935023E+02 7.51934816E+02 1.00000000E+00 2.06646142E-04 1.79859878E+01 2.6019E-02   2
 108    27.419 7.51821807E+02 7.51821600E+02 1.00000000E+00 2.06736543E-04 1.67434840E+01 1.0000E+00   1
 109    27.419 7.51801466E+02 7.51801260E+02 1.00000000E+00 2.06829576E-04 1.65567697E+01 1.5468E-01   2
 110    27.404 7.50956729E+02 7.50956522E+02 1.00000000E+00 2.07287367E-04 1.37313449E+01 1.0897E-02   2
 111    27.403 7.50899586E+02 7.50899378E+02 1.00000000E+00 2.07438344E-04 1.43043004E+01 2.1528E-01   2
 112    27.401 7.50836580E+02 7.50836372E+02 1.00000000E+00 2.07706244E-04 1.54998652E+01 1.9021E-01   2
 113    27.401 7.50799989E+02 7.50799781E+02 1.00000000E+00 2.08083135E-04 1.73140601E+01 1.6431E-01   2
 114    27.377 7.49474262E+02 7.49474054E+02 1.00000000E+00 2.08401237E-04 1.44204557E+01 1.0108E-02   2
 115    27.372 7.49223604E+02 7.49223395E+02 1.00000000E+00 2.08636287E-04 1.75374923E+01 1.0000E+00   1
 116    27.370 7.49134950E+02 7.49134741E+02 1.00000000E+00 2.09219733E-04 2.93999501E+01 1.0000E+00   1
 117    27.369 7.49056348E+02 7.49056139E+02 1.00000000E+00 2.09606281E-04 3.22438345E+01 3.2588E-01   4
 118    27.367 7.48927554E+02 7.48927344E+02 1.00000000E+00 2.10285704E-04 3.14091467E+01 1.8162E-01   2
 119    27.351 7.48103948E+02 7.48103738E+02 1.00000000E+00 2.10461964E-04 3.32450219E+01 1.3188E-02   2
 120    27.337 7.47295536E+02 7.47295325E+02 1.00000000E+00 2.10488619E-04 2.82214519E+01 1.0000E+00   1
 121    27.295 7.45028596E+02 7.45028385E+02 1.00000000E+00 2.10732771E-04 1.47046743E+01 1.0000E+00   1
 122    27.295 7.45013633E+02 7.45013423E+02 1.00000000E+00 2.10866342E-04 1.35620100E+01 1.0000E+00   1
 123    27.292 7.44874438E+02 7.44874227E+02 1.00000000E+00 2.10988915E-04 1.27709460E+01 2.2024E-03   3
 124    27.290 7.44733515E+02 7.44733304E+02 1.00000000E+00 2.11179277E-04 1.29684493E+01 2.2570E-01   2
 125    27.288 7.44626923E+02 7.44626712E+02 1.00000000E+00 2.11420944E-04 1.40784017E+01 2.0121E-01   2
 126    27.287 7.44567822E+02 7.44567610E+02 1.00000000E+00 2.11711209E-04 1.60602753E+01 1.7084E-01   2
 127    27.287 7.44564524E+02 7.44564312E+02 1.00000000E+00 2.12070476E-04 1.90320314E+01 1.5264E-01   2
 128    27.252 7.42665231E+02 7.42665019E+02 1.00000000E+00 2.12295546E-04 1.80971535E+01 7.6618E-03   2
 129    27.246 7.42319509E+02 7.42319296E+02 1.00000000E+00 2.12390126E-04 1.56048606E+01 1.0000E+00   1
 130    27.238 7.41919058E+02 7.41918845E+02 1.00000000E+00 2.12739833E-04 1.57618455E+01 1.0000E+00   1
 131    27.237 7.41875746E+02 7.41875533E+02 1.00000000E+00 2.13002323E-04 1.88205758E+01 1.0000E+00   1
 132    27.236 7.41795056E+02 7.41794843E+02 1.00000000E+00 2.13251115E-04 2.10065779E+01 2.2499E-01   2
 133    27.232 7.41577760E+02 7.41577546E+02 1.00000000E+00 2.13860058E-04 2.49578001E+01 2.0356E-01   2
 134    27.228 7.41381215E+02 7.41381000E+02 1.00000000E+00 2.14767253E-04 2.92756920E+01 1.6441E-01   2
 135    27.186 7.39065348E+02 7.39065133E+02 1.00000000E+00 2.14864134E-04 2.23045424E+01 9.4668E-03   3
 136    27.183 7.38913875E+02 7.38913660E+02 1.00000000E+00 2.14884293E-04 1.71546188E+01 1.0000E+00   1
 137    27.182 7.38869693E+02 7.38869478E+02 1.00000000E+00 2.15014733E-04 1.33847403E+01 1.0000E+00   1
 138    27.176 7.38535961E+02 7.38535746E+02 1.00000000E+00 2.15204701E-04 1.48868660E+01 3.7563E-03   3
 139    27.175 7.38482103E+02 7.38481887E+02 1.00000000E+00 2.15322245E-04 1.74380166E+01 2.0115E-01   2
 140    27.175 7.38480232E+02 7.38480017E+02 1.00000000E+00 2.15481310E-04 2.05324678E+01 1.5963E-01   2
 141    27.173 7.38358872E+02 7.38358656E+02 1.00000000E+00 2.15524571E-04 1.34894099E+01 1.7676E-03   3
 142    27.172 7.38336530E+02 7.38336315E+02 1.00000000E+00 2.15663221E-04 1.33348952E+01 2.5762E-03   3
 143    27.166 7.37983802E+02 7.37983586E+02 1.00000000E+00 2.15884387E-04 1.69388412E+01 4.1701E-03   3
 144    27.166 7.37965849E+02 7.37965633E+02 1.00000000E+00 2.15976838E-04 1.97150223E+01 3.2502E-01   4
 145    27.165 7.37948730E+02 7.37948514E+02 1.00000000E+00 2.16150062E-04 2.36519653E+01 1.8844E-01   2
 146    27.161 7.37731650E+02 7.37731434E+02 1.00000000E+00 2.16188193E-04 1.31358406E+01 2.1370E-03   3
