iter rms       Phi            Phid           lambda         Phim           gnorm          step       nfg
   0    67.287 6.96765215E+03 6.96765215E+03 1.00000000E+00 0.00000000E+00 3.07757018E+02 0.0000E+00   0
   1    63.670 6.37841164E+03 6.37841164E+03 1.00000000E+00 6.96310908E-06 2.49053487E+02 1.0545E-01   3
   2    59.009 5.58936557E+03 5.58936555E+03 1.00000000E+00 2.30671648E-05 1.57378647E+02 5.0940E-01   2
   3    59.420 5.49609003E+03 5.49608999E+03 1.00000000E+00 3.71188556E-05 2.77975805E+02 1.0000E+00   1
   4    57.986 5.30396264E+03 5.30396261E+03 1.00000000E+00 3.40589901E-05 3.81494348E+02 1.0000E+00   1
   5    57.297 5.17740500E+03 5.17740496E+03 1.00000000E+00 3.46366078E-05 1.63154716E+02 1.0000E+00   1
   6    55.395 4.28442273E+03 4.28442264E+03 1.00000000E+00 8.76558740E-05 5.09747615E+02 1.0000E+00   1
   7    55.127 4.20745881E+03 4.20745872E+03 1.00000000E+00 9.41995022E-05 3.67347900E+02 3.1556E-01   2
   8    50.885 3.74504207E+03 3.74504199E+03 1.00000000E+00 8.20552510E-05 2.68753899E+02 1.0000E+00   1
   9    46.806 3.32991304E+03 3.32991297E+03 1.00000000E+00 7.32613841E-05 1.78220759E+02 1.0000E+00   1
  10    43.289 2.78141928E+03 2.78141918E+03 1.00000000E+00 1.00928635E-04 1.34519235E+02 1.0000E+00   1
  11    43.863 2.76687087E+03 2.76687076E+03 1.00000000E+00 1.17413787E-04 1.31094230E+02 1.0000E+00   1
  12    42.341 2.59146197E+03 2.59146185E+03 1.00000000E+00 1.22033623E-04 1.29919028E+02 1.0000E+00   1
  13    40.735 2.44111067E+03 2.44111055E+03 1.00000000E+00 1.18855709E-04 1.36860672E+02 1.0000E+00   1
  14    40.396 2.39303194E+03 2.39303182E+03 1.00000000E+00 1.23049899E-04 1.65972241E+02 1.0000E+00   1
  15    39.925 2.31330616E+03 2.31330603E+03 1.00000000E+00 1.32924077E-04 1.45337270E+02 1.0000E+00   1
  16    39.374 2.26589515E+03 2.26589502E+03 1.00000000E+00 1.31609759E-04 1.30557646E+02 1.0000E+00   1
  17    38.200 2.18201058E+03 2.18201046E+03 1.00000000E+00 1.25099035E-04 1.56320096E+02 1.0000E+00   1
  18    37.926 2.14259490E+03 2.14259477E+03 1.00000000E+00 1.29191317E-04 1.51057600E+02 1.0000E+00   1
  19    37.848 2.11011050E+03 2.11011037E+03 1.00000000E+00 1.37340686E-04 2.59502888E+02 1.0000E+00   1
  20    37.856 2.10394630E+03 2.10394616E+03 1.00000000E+00 1.39756937E-04 1.08210321E+02 9.2106E-03   3
  21    37.503 2.07432330E+03 2.07432316E+03 1.00000000E+00 1.39372104E-04 8.42181691E+01 1.0000E+00   1
  22    37.116 2.03480408E+03 2.03480394E+03 1.00000000E+00 1.41696865E-04 9.38038941E+01 1.0000E+00   1
  23    36.760 1.99001093E+03 1.99001079E+03 1.00000000E+00 1.46168093E-04 1.30930460E+02 1.0000E+00   1
  24    36.551 1.96002653E+03 1.96002638E+03 1.00000000E+00 1.50668880E-04 1.01526939E+02 1.0000E+00   1
  25    36.414 1.93493726E+03 1.93493711E+03 1.00000000E+00 1.55526820E-04 1.68858943E+02 1.0000E+00   1
  26    36.216 1.91046574E+03 1.91046558E+03 1.00000000E+00 1.58493363E-04 1.55219857E+02 1.0000E+00   1
  27    36.281 1.91010332E+03 1.91010316E+03 1.00000000E+00 1.60631822E-04 1.41019066E+02 1.0000E+00   1
  28    36.051 1.89402269E+03 1.89402253E+03 1.00000000E+00 1.59316713E-04 9.59665171E+01 1.0000E+00   1
  29    35.803 1.87232228E+03 1.87232212E+03 1.00000000E+00 1.59789929E-04 7.81686796E+01 1.0000E+00   1
  30    35.306 1.82673015E+03 1.82672999E+03 1.00000000E+00 1.61551346E-04 6.96622682E+01 1.0000E+00   1
  31    34.871 1.77948401E+03 1.77948384E+03 1.00000000E+00 1.67296755E-04 7.96055279E+01 1.0000E+00   1
  32    35.039 1.77163485E+03 1.77163467E+03 1.00000000E+00 1.80356556E-04 1.15742772E+02 1.0000E+00   1
  33    35.102 1.76548996E+03 1.76548977E+03 1.00000000E+00 1.88989730E-04 8.92221123E+01 1.0000E+00   1
  34    35.126 1.76518313E+03 1.76518294E+03 1.00000000E+00 1.90877345E-04 8.56919877E+01 1.7057E-01   2
  35    35.049 1.75534077E+03 1.75534058E+03 1.00000000E+00 1.93953580E-04 8.27858296E+01 2.3229E-01   2
  36    34.164 1.67712283E+03 1.67712263E+03 1.00000000E+00 1.98489679E-04 7.64848100E+01 1.0000E+00   1
  37    34.066 1.66537634E+03 1.66537614E+03 1.00000000E+00 2.01940033E-04 8.54100444E+01 1.0000E+00   1
  38    34.066 1.66165585E+03 1.66165564E+03 1.00000000E+00 2.05964948E-04 9.98217771E+01 1.0967E+00   4
  39    34.050 1.66015358E+03 1.66015338E+03 1.00000000E+00 2.06314971E-04 9.07055552E+01 2.1376E-02   3
  40    33.259 1.60072517E+03 1.60072496E+03 1.00000000E+00 2.04233918E-04 1.12442010E+02 1.0000E+00   1
  41    32.678 1.56190798E+03 1.56190778E+03 1.00000000E+00 1.99396653E-04 1.34640106E+02 4.9898E-01   2
  42    32.311 1.53395532E+03 1.53395512E+03 1.00000000E+00 1.99659688E-04 9.53948041E+01 1.0000E+00   1
  43    31.762 1.49236216E+03 1.49236196E+03 1.00000000E+00 2.00624117E-04 1.00127464E+02 1.0000E+00   1
  44    30.613 1.40898578E+03 1.40898558E+03 1.00000000E+00 2.02825940E-04 1.44575037E+02 5.4254E-01   3
  45    30.510 1.40341096E+03 1.40341076E+03 1.00000000E+00 2.02783833E-04 1.01219892E+02 1.0000E+00   1
  46    30.131 1.37750147E+03 1.37750127E+03 1.00000000E+00 2.01491796E-04 9.01224159E+01 1.0000E+00   1
  47    29.951 1.36405046E+03 1.36405026E+03 1.00000000E+00 1.98779085E-04 1.27243261E+02 1.0000E+00   1
  48    29.933 1.36246058E+03 1.36246038E+03 1.00000000E+00 1.98205199E-04 7.88710635E+01 1.7018E-01   2
  49    29.725 1.34770139E+03 1.34770119E+03 1.00000000E+00 1.98527185E-04 7.61076852E+01 1.0000E+00   1
  50    28.405 1.25431478E+03 1.25431458E+03 1.00000000E+00 2.00736704E-04 1.43672247E+02 1.6568E+00   3
  51    28.343 1.24955854E+03 1.24955834E+03 1.00000000E+00 2.01265874E-04 1.25372222E+02 1.9065E-01   2
  52    28.083 1.23200327E+03 1.23200307E+03 1.00000000E+00 2.01205878E-04 8.50098722E+01 1.0000E+00   1
  53    27.622 1.20043275E+03 1.20043254E+03 1.00000000E+00 2.00996091E-04 8.47107481E+01 1.0000E+00   1
  54    27.266 1.17469831E+03 1.17469811E+03 1.00000000E+00 2.00817246E-04 6.52147972E+01 1.0000E+00   1
  55    27.161 1.16546094E+03 1.16546074E+03 1.00000000E+00 2.00863159E-04 8.73578672E+01 1.0000E+00   1
  56    27.118 1.16126952E+03 1.16126931E+03 1.00000000E+00 2.00988651E-04 7.09979044E+01 1.7622E-01   2
  57    27.160 1.15785380E+03 1.15785360E+03 1.00000000E+00 2.01908268E-04 7.77784282E+01 1.0000E+00   1
  58    26.482 1.11271140E+03 1.11271119E+03 1.00000000E+00 2.01795262E-04 6.16496409E+01 7.2857E-02   2
  59    26.249 1.09636203E+03 1.09636183E+03 1.00000000E+00 2.01751652E-04 5.24529775E+01 1.0000E+00   1
  60    25.951 1.07238545E+03 1.07238525E+03 1.00000000E+00 2.01739070E-04 5.23714812E+01 1.0000E+00   1
  61    25.805 1.05777681E+03 1.05777661E+03 1.00000000E+00 2.01835810E-04 5.11014839E+01 1.0000E+00   1
  62    26.034 1.05592624E+03 1.05592603E+03 1.00000000E+00 2.02634905E-04 7.01094496E+01 1.0000E+00   1
  63    25.709 1.03406854E+03 1.03406834E+03 1.00000000E+00 2.02763929E-04 7.45893047E+01 1.0000E+00   1
  64    25.578 1.02200444E+03 1.02200424E+03 1.00000000E+00 2.03023527E-04 5.16049651E+01 1.2696E-01   2
  65    25.561 1.01725568E+03 1.01725548E+03 1.00000000E+00 2.03319605E-04 5.44104505E+01 1.0000E+00   1
  66    25.544 1.01225888E+03 1.01225867E+03 1.00000000E+00 2.03679835E-04 5.61853814E+01 2.5046E-01   2
  67    25.598 1.00721432E+03 1.00721412E+03 1.00000000E+00 2.04596746E-04 6.76832843E+01 2.5804E-01   4
  68    25.032 9.72494061E+02 9.72493856E+02 1.00000000E+00 2.05111112E-04 5.87953264E+01 1.0251E-01   2
  69    24.948 9.67272864E+02 9.67272659E+02 1.00000000E+00 2.05132404E-04 4.80146863E+01 1.0000E+00   1
  70    24.790 9.55559679E+02 9.55559474E+02 1.00000000E+00 2.05509834E-04 3.67543726E+01 1.0000E+00   1
  71    24.732 9.50257166E+02 9.50256960E+02 1.00000000E+00 2.05879182E-04 3.91641843E+01 1.0000E+00   1
  72    24.638 9.38307746E+02 9.38307539E+02 1.00000000E+00 2.07319925E-04 4.32282756E+01 1.0000E+00   1
  73    24.654 9.36317220E+02 9.36317012E+02 1.00000000E+00 2.08028867E-04 4.53968204E+01 2.8994E-01   4
  74    24.687 9.34672037E+02 9.34671828E+02 1.00000000E+00 2.08984699E-04 4.58258094E+01 1.6475E-01   4
  75    24.615 9.29423292E+02 9.29423083E+02 1.00000000E+00 2.09405431E-04 4.00818275E+01 6.1815E-02   2
  76    24.538 9.24580423E+02 9.24580213E+02 1.00000000E+00 2.09469772E-04 3.38482378E+01 1.0000E+00   1
  77    24.412 9.14273069E+02 9.14272858E+02 1.00000000E+00 2.10045841E-04 3.40591625E+01 1.0000E+00   1
  78    24.412 9.11136487E+02 9.11136276E+02 1.00000000E+00 2.10730860E-04 3.98913886E+01 1.0000E+00   1
  79    24.423 9.10120332E+02 9.10120120E+02 1.00000000E+00 2.11133984E-04 3.93172120E+01 1.8935E-01   2
  80    24.443 9.09360281E+02 9.09360069E+02 1.00000000E+00 2.11618080E-04 4.04260985E+01 1.5272E-01   2
  81    24.474 9.09050856E+02 9.09050643E+02 1.00000000E+00 2.12163992E-04 4.19134914E+01 1.2438E-01   2
  82    24.511 9.08987200E+02 9.08986987E+02 1.00000000E+00 2.12772203E-04 4.33552350E+01 1.1172E-01   2
  83    24.362 8.99325829E+02 8.99325616E+02 1.00000000E+00 2.13222996E-04 3.37215194E+01 6.3390E-02   2
  84    24.294 8.95006379E+02 8.95006166E+02 1.00000000E+00 2.13364147E-04 2.93622718E+01 1.0000E+00   1
  85    24.166 8.85689986E+02 8.85689772E+02 1.00000000E+00 2.13937762E-04 2.60840402E+01 4.8382E-01   2
  86    24.149 8.80715013E+02 8.80714798E+02 1.00000000E+00 2.15148477E-04 5.95341843E+01 1.0000E+00   1
  87    24.161 8.79419601E+02 8.79419385E+02 1.00000000E+00 2.15842075E-04 4.06094884E+01 1.0000E+00   1
  88    24.188 8.79165821E+02 8.79165604E+02 1.00000000E+00 2.16474153E-04 4.03367979E+01 1.0000E+00   1
  89    24.206 8.78807635E+02 8.78807418E+02 1.00000000E+00 2.17007682E-04 3.92028654E+01 1.9907E-01   2
  90    24.119 8.73340224E+02 8.73340007E+02 1.00000000E+00 2.17455512E-04 3.22203130E+01 4.5559E-02   2
  91    24.099 8.71651741E+02 8.71651523E+02 1.00000000E+00 2.17661674E-04 2.88712416E+01 1.0000E+00   1
  92    24.077 8.69199362E+02 8.69199144E+02 1.00000000E+00 2.18057353E-04 2.50010881E+01 3.9152E-01   2
  93    24.090 8.68782569E+02 8.68782351E+02 1.00000000E+00 2.18421826E-04 2.41971720E+01 3.1039E-01   2
  94    24.128 8.68742354E+02 8.68742135E+02 1.00000000E+00 2.19107832E-04 4.53769254E+01 1.0000E+00   1
  95    24.100 8.66169140E+02 8.66168920E+02 1.00000000E+00 2.19415134E-04 3.86763001E+01 1.0000E+00   1
  96    24.056 8.57490020E+02 8.57489799E+02 1.00000000E+00 2.21184829E-04 6.20146112E+01 1.0000E+00   1
  97    24.043 8.54746056E+02 8.54745834E+02 1.00000000E+00 2.21817561E-04 5.48395354E+01 1.9703E-01   2
  98    24.133 8.54518169E+02 8.54517945E+02 1.00000000E+00 2.23606537E-04 6.13601692E+01 1.0000E+00   1
  99    24.092 8.50832824E+02 8.50832600E+02 1.00000000E+00 2.24201275E-04 5.71997729E+01 1.0000E+00   1
 100    24.045 8.45166953E+02 8.45166728E+02 1.00000000E+00 2.25514982E-04 5.31713217E+01 2.8647E-01   2
 101    24.048 8.43632120E+02 8.43631894E+02 1.00000000E+00 2.26281486E-04 5.10940511E+01 7.3902E-02   2
 102    24.055 8.42352145E+02 8.42351918E+02 1.00000000E+00 2.27082022E-04 4.82994330E+01 1.0767E-01   2
 103    24.076 8.41221961E+02 8.41221733E+02 1.00000000E+00 2.28210924E-04 4.67553357E+01 1.8057E-01   4
 104    23.631 8.15306956E+02 8.15306727E+02 1.00000000E+00 2.28401514E-04 2.91974355E+01 5.2154E-02   2
 105    23.546 8.10032106E+02 8.10031878E+02 1.00000000E+00 2.28492814E-04 2.88523199E+01 1.0000E+00   1
 106    23.211 7.88824208E+02 7.88823979E+02 1.00000000E+00 2.29085534E-04 3.96710808E+01 1.0000E+00   1
 107    23.142 7.84402176E+02 7.84401946E+02 1.00000000E+00 2.29285660E-04 2.84361961E+01 1.0000E+00   1
 108    23.043 7.77783075E+02 7.77782845E+02 1.00000000E+00 2.29678227E-04 2.93513208E+01 1.0000E+00   1
 109    22.937 7.70500591E+02 7.70500360E+02 1.00000000E+00 2.30171521E-04 2.79441888E+01 1.0000E+00   1
 110    22.792 7.59431166E+02 7.59430934E+02 1.00000000E+00 2.31260356E-04 3.19206800E+01 1.0000E+00   1
 111    22.720 7.52105964E+02 7.52105732E+02 1.00000000E+00 2.32465901E-04 3.21188195E+01 1.0000E+00   1
 112    22.709 7.46703556E+02 7.46703322E+02 1.00000000E+00 2.34275090E-04 3.54081526E+01 1.0000E+00   1
 113    22.722 7.41928975E+02 7.41928739E+02 1.00000000E+00 2.36323181E-04 3.57643565E+01 1.0000E+00   1
 114    22.766 7.37167682E+02 7.37167443E+02 1.00000000E+00 2.39089436E-04 3.65562294E+01 1.0000E+00   1
 115    22.896 7.36893671E+02 7.36893428E+02 1.00000000E+00 2.42252680E-04 3.45330121E+01 1.0000E+00   1
 116    22.914 7.36513005E+02 7.36512762E+02 1.00000000E+00 2.42933540E-04 3.45591625E+01 1.6621E-01   2
 117    22.892 7.33271423E+02 7.33271180E+02 1.00000000E+00 2.43918073E-04 3.39337631E+01 2.6599E-01   2
 118    22.879 7.30971246E+02 7.30971001E+02 1.00000000E+00 2.44759466E-04 3.36783735E+01 2.8005E-01   2
 119    22.872 7.29117053E+02 7.29116807E+02 1.00000000E+00 2.45663075E-04 3.32734596E+01 2.2686E-01   2
 120    22.869 7.27505346E+02 7.27505099E+02 1.00000000E+00 2.46588919E-04 3.21512468E+01 2.1529E-01   2
 121    22.877 7.26775378E+02 7.26775131E+02 1.00000000E+00 2.47402729E-04 3.09522773E+01 1.9350E-01   2
 122    22.720 7.18614524E+02 7.18614277E+02 1.00000000E+00 2.47553361E-04 2.63884319E+01 6.1744E-02   2
 123    22.660 7.15329611E+02 7.15329363E+02 1.00000000E+00 2.47641473E-04 2.20078479E+01 1.0000E+00   1
 124    22.586 7.11017020E+02 7.11016772E+02 1.00000000E+00 2.47866751E-04 3.03830989E+01 1.0000E+00   1
 125    22.567 7.09752845E+02 7.09752597E+02 1.00000000E+00 2.47947479E-04 2.61740205E+01 1.0000E+00   1
 126    22.536 7.06875177E+02 7.06874929E+02 1.00000000E+00 2.48293707E-04 2.58619781E+01 1.0000E+00   1
 127    22.527 7.05520763E+02 7.05520514E+02 1.00000000E+00 2.48588952E-04 2.80505388E+01 1.0000E+00   1
 128    22.546 7.04458572E+02 7.04458322E+02 1.00000000E+00 2.49509428E-04 4.19930723E+01 1.0000E+00   1
 129    22.549 7.04282531E+02 7.04282281E+02 1.00000000E+00 2.49706343E-04 4.30303181E+01 1.6633E-01   2
 130    22.554 7.02864328E+02 7.02864077E+02 1.00000000E+00 2.51226277E-04 3.58591340E+01 1.0000E+00   1
 131    22.509 6.99509510E+02 6.99509257E+02 1.00000000E+00 2.52236340E-04 3.06982723E+01 1.0000E+00   1
 132    22.430 6.94287467E+02 6.94287214E+02 1.00000000E+00 2.53438794E-04 2.76374687E+01 1.0000E+00   1
 133    22.348 6.88773547E+02 6.88773293E+02 1.00000000E+00 2.54554568E-04 2.78229152E+01 1.0000E+00   1
 134    22.311 6.85653448E+02 6.85653192E+02 1.00000000E+00 2.55568315E-04 2.76082644E+01 1.0000E+00   1
 135    22.315 6.85457081E+02 6.85456825E+02 1.00000000E+00 2.55956257E-04 2.63097214E+01 1.9210E-01   2
 136    22.313 6.85329461E+02 6.85329205E+02 1.00000000E+00 2.55986715E-04 2.34723191E+01 2.8729E-03   3
 137    22.309 6.85106639E+02 6.85106383E+02 1.00000000E+00 2.56040165E-04 2.07356272E+01 2.1102E-01   2
 138    22.305 6.84778945E+02 6.84778689E+02 1.00000000E+00 2.56119898E-04 1.86478472E+01 2.3084E-01   2
 139    22.298 6.84309683E+02 6.84309427E+02 1.00000000E+00 2.56236239E-04 1.74409450E+01 2.5717E-01   2
 140    22.289 6.83668109E+02 6.83667853E+02 1.00000000E+00 2.56403017E-04 1.73453053E+01 2.8938E-01   2
 141    22.299 6.83539067E+02 6.83538810E+02 1.00000000E+00 2.57148186E-04 2.32192684E+01 1.0000E+00   1
 142    22.297 6.83038524E+02 6.83038267E+02 1.00000000E+00 2.57618837E-04 2.49493776E+01 1.0000E+00   1
 143    22.288 6.81299588E+02 6.81299329E+02 1.00000000E+00 2.59272120E-04 2.80100936E+01 1.0000E+00   1
 144    22.289 6.80169288E+02 6.80169027E+02 1.00000000E+00 2.60918607E-04 2.74307601E+01 1.0000E+00   1
 145    22.254 6.77679115E+02 6.77678853E+02 1.00000000E+00 2.61918078E-04 2.95020489E+01 1.0000E+00   1
 146    22.219 6.75488296E+02 6.75488034E+02 1.00000000E+00 2.62456671E-04 3.03913424E+01 1.0000E+00   1
 147    22.204 6.74753008E+02 6.74752746E+02 1.00000000E+00 2.62486134E-04 2.24548869E+01 5.8727E-03   3
 148    22.198 6.74481868E+02 6.74481606E+02 1.00000000E+00 2.62542882E-04 2.02130806E+01 1.0000E+00   1
 149    22.183 6.73763482E+02 6.73763219E+02 1.00000000E+00 2.62632299E-04 2.10178317E+01 1.0000E+00   1
 150    22.142 6.71583112E+02 6.71582849E+02 1.00000000E+00 2.62842706E-04 2.25578361E+01 1.0000E+00   1
 151    22.071 6.67795311E+02 6.67795047E+02 1.00000000E+00 2.63258023E-04 2.19293011E+01 1.0000E+00   1
 152    21.995 6.63786433E+02 6.63786169E+02 1.00000000E+00 2.63945521E-04 1.83866489E+01 1.0000E+00   1
 153    21.954 6.61595126E+02 6.61594862E+02 1.00000000E+00 2.64400049E-04 1.67317885E+01 1.0000E+00   1
 154    21.936 6.60572410E+02 6.60572145E+02 1.00000000E+00 2.65090356E-04 1.87212385E+01 1.0000E+00   1
