iter rms       Phi            Phid           lambda         Phim           gnorm          step       nfg
   0     7.154 5.11784922E+01 5.11784922E+01 1.00000000E+00 0.00000000E+00 1.57725109E+00 0.0000E+00   0
   1     4.739 2.24616831E+01 2.24613636E+01 1.00000000E+00 3.19502699E-04 5.06850779E-01 1.0000E+00   1
   2     4.444 1.97486582E+01 1.97483086E+01 1.00000000E+00 3.49569906E-04 3.98047164E-01 1.0000E+00   1
   3     3.716 1.38101254E+01 1.38096407E+01 1.00000000E+00 4.84645395E-04 3.56153439E-01 1.0000E+00   1
   4     3.396 1.15339854E+01 1.15334394E+01 1.00000000E+00 5.46060174E-04 3.05801967E-01 1.0000E+00   1
   5     2.892 8.36315090E+00 8.36246173E+00 1.00000000E+00 6.89170826E-04 1.55894441E-01 1.0000E+00   1
   6     2.731 7.45742167E+00 7.45662484E+00 1.00000000E+00 7.96836576E-04 1.40729975E-01 1.0000E+00   1
   7     2.639 6.96656823E+00 6.96569117E+00 1.00000000E+00 8.77060052E-04 1.46937013E-01 1.0000E+00   1
   8     2.535 6.42671448E+00 6.42575385E+00 1.00000000E+00 9.60632406E-04 1.35789292E-01 1.0000E+00   1
   9     2.457 6.03695214E+00 6.03592936E+00 1.00000000E+00 1.02277551E-03 1.27100826E-01 1.0000E+00   1
  10     2.414 5.82983902E+00 5.82880773E+00 1.00000000E+00 1.03129376E-03 8.75396183E-02 1.0000E+00   1
  11     2.376 5.64716202E+00 5.64611308E+00 1.00000000E+00 1.04894131E-03 8.08526446E-02 1.0000E+00   1
  12     2.343 5.49029413E+00 5.48921421E+00 1.00000000E+00 1.07992655E-03 8.40152546E-02 1.0000E+00   1
  13     2.292 5.25658901E+00 5.25544298E+00 1.00000000E+00 1.14602397E-03 9.03175764E-02 1.0000E+00   1
  14     2.252 5.07360870E+00 5.07238555E+00 1.00000000E+00 1.22314981E-03 8.63940072E-02 1.0000E+00   1
  15     2.225 4.95272236E+00 4.95144425E+00 1.00000000E+00 1.27810176E-03 7.15353749E-02 1.0000E+00   1
  16     2.211 4.88988784E+00 4.88859219E+00 1.00000000E+00 1.29565778E-03 6.46171306E-02 1.0000E+00   1
  17     2.182 4.76120899E+00 4.75986354E+00 1.00000000E+00 1.34545486E-03 7.29095663E-02 1.0000E+00   1
  18     2.155 4.64374956E+00 4.64234903E+00 1.00000000E+00 1.40052833E-03 7.74233826E-02 1.0000E+00   1
  19     2.126 4.51972004E+00 4.51825431E+00 1.00000000E+00 1.46572944E-03 6.87459814E-02 1.0000E+00   1
  20     2.107 4.44086861E+00 4.43934212E+00 1.00000000E+00 1.52648600E-03 6.44094653E-02 1.0000E+00   1
  21     2.096 4.39507573E+00 4.39352664E+00 1.00000000E+00 1.54909594E-03 6.02155682E-02 1.0000E+00   1
  22     2.083 4.34242255E+00 4.34084019E+00 1.00000000E+00 1.58235782E-03 5.92231973E-02 1.0000E+00   1
  23     2.068 4.27872554E+00 4.27708912E+00 1.00000000E+00 1.63642476E-03 5.28151972E-02 1.0000E+00   1
  24     2.057 4.23145488E+00 4.22977849E+00 1.00000000E+00 1.67639127E-03 4.34087045E-02 1.0000E+00   1
  25     2.048 4.19436083E+00 4.19264113E+00 1.00000000E+00 1.71970508E-03 4.04206059E-02 1.0000E+00   1
  26     2.041 4.16689720E+00 4.16516086E+00 1.00000000E+00 1.73634677E-03 4.65350980E-02 1.0000E+00   1
  27     2.032 4.12995512E+00 4.12819417E+00 1.00000000E+00 1.76094849E-03 5.20484719E-02 1.0000E+00   1
  28     2.020 4.08387891E+00 4.08208879E+00 1.00000000E+00 1.79012050E-03 4.99935190E-02 1.0000E+00   1
  29     2.011 4.04498367E+00 4.04316885E+00 1.00000000E+00 1.81482217E-03 4.13098825E-02 1.0000E+00   1
  30     2.004 4.01901993E+00 4.01718541E+00 1.00000000E+00 1.83452145E-03 3.52197724E-02 1.0000E+00   1
  31     2.001 4.00522552E+00 4.00338533E+00 1.00000000E+00 1.84018657E-03 3.43405979E-02 1.0000E+00   1
  32     1.996 3.98692884E+00 3.98507879E+00 1.00000000E+00 1.85005515E-03 3.48272321E-02 1.0000E+00   1
  33     1.991 3.96575308E+00 3.96388745E+00 1.00000000E+00 1.86562717E-03 3.23517638E-02 1.0000E+00   1
  34     1.985 3.94322233E+00 3.94133686E+00 1.00000000E+00 1.88547451E-03 2.65986268E-02 1.0000E+00   1
  35     1.981 3.92631944E+00 3.92441848E+00 1.00000000E+00 1.90096010E-03 2.32365265E-02 1.0000E+00   1
  36     1.978 3.91303403E+00 3.91112180E+00 1.00000000E+00 1.91222566E-03 2.44865722E-02 1.0000E+00   1
  37     1.974 3.89903413E+00 3.89711110E+00 1.00000000E+00 1.92302895E-03 2.76472362E-02 1.0000E+00   1
  38     1.970 3.88132875E+00 3.87939133E+00 1.00000000E+00 1.93741732E-03 3.00155703E-02 1.0000E+00   1
  39     1.965 3.86131891E+00 3.85936344E+00 1.00000000E+00 1.95546868E-03 3.16065031E-02 1.0000E+00   1
  40     1.960 3.84347533E+00 3.84149937E+00 1.00000000E+00 1.97595659E-03 3.02299442E-02 1.0000E+00   1
  41     1.957 3.83238204E+00 3.83039985E+00 1.00000000E+00 1.98218577E-03 2.74345185E-02 1.0000E+00   1
  42     1.954 3.82064417E+00 3.81865593E+00 1.00000000E+00 1.98824331E-03 2.73457451E-02 1.0000E+00   1
  43     1.951 3.80862736E+00 3.80663046E+00 1.00000000E+00 1.99689573E-03 2.80249956E-02 1.0000E+00   1
  44     1.947 3.79203585E+00 3.79002275E+00 1.00000000E+00 2.01310370E-03 2.68617793E-02 1.0000E+00   1
  45     1.942 3.77491519E+00 3.77288216E+00 1.00000000E+00 2.03303144E-03 2.31258736E-02 1.0000E+00   1
  46     1.939 3.76038531E+00 3.75833372E+00 1.00000000E+00 2.05159349E-03 2.11684990E-02 1.0000E+00   1
  47     1.936 3.75096186E+00 3.74889910E+00 1.00000000E+00 2.06275990E-03 1.95948465E-02 1.0000E+00   1
  48     1.934 3.74338870E+00 3.74131969E+00 1.00000000E+00 2.06901436E-03 1.97666482E-02 1.0000E+00   1
  49     1.932 3.73429563E+00 3.73221797E+00 1.00000000E+00 2.07766012E-03 1.86994917E-02 1.0000E+00   1
  50     1.929 3.72504742E+00 3.72296017E+00 1.00000000E+00 2.08725233E-03 1.78683948E-02 1.0000E+00   1
  51     1.927 3.71579193E+00 3.71369321E+00 1.00000000E+00 2.09871395E-03 1.91682562E-02 1.0000E+00   1
  52     1.924 3.70573001E+00 3.70361874E+00 1.00000000E+00 2.11127191E-03 2.25741198E-02 1.0000E+00   1
  53     1.921 3.69314264E+00 3.69101443E+00 1.00000000E+00 2.12821461E-03 2.55658206E-02 1.0000E+00   1
  54     1.917 3.67741589E+00 3.67526489E+00 1.00000000E+00 2.15099355E-03 2.61626849E-02 1.0000E+00   1
  55     1.914 3.66376579E+00 3.66159389E+00 1.00000000E+00 2.17189544E-03 2.44805587E-02 1.0000E+00   1
  56     1.911 3.65554724E+00 3.65336562E+00 1.00000000E+00 2.18162150E-03 2.19618661E-02 1.0000E+00   1
  57     1.910 3.64962379E+00 3.64743628E+00 1.00000000E+00 2.18750719E-03 2.17365499E-02 1.0000E+00   1
  58     1.908 3.64306868E+00 3.64087366E+00 1.00000000E+00 2.19501723E-03 2.18496737E-02 1.0000E+00   1
  59     1.906 3.63517378E+00 3.63296832E+00 1.00000000E+00 2.20546825E-03 2.08762409E-02 1.0000E+00   1
  60     1.904 3.62638673E+00 3.62416763E+00 1.00000000E+00 2.21909543E-03 1.89564228E-02 1.0000E+00   1
  61     1.902 3.61875602E+00 3.61652549E+00 1.00000000E+00 2.23052609E-03 1.68880319E-02 1.0000E+00   1
  62     1.900 3.61251760E+00 3.61027783E+00 1.00000000E+00 2.23976809E-03 1.63640107E-02 1.0000E+00   1
  63     1.899 3.60740375E+00 3.60515780E+00 1.00000000E+00 2.24595012E-03 1.64776155E-02 1.0000E+00   1
  64     1.897 3.60235434E+00 3.60010290E+00 1.00000000E+00 2.25144108E-03 1.71363971E-02 1.0000E+00   1
  65     1.896 3.59681593E+00 3.59455874E+00 1.00000000E+00 2.25719061E-03 1.79668036E-02 1.0000E+00   1
  66     1.894 3.59087538E+00 3.58861228E+00 1.00000000E+00 2.26309545E-03 1.87501880E-02 1.0000E+00   1
  67     1.893 3.58417257E+00 3.58190212E+00 1.00000000E+00 2.27044309E-03 1.94762498E-02 1.0000E+00   1
  68     1.891 3.57765764E+00 3.57537977E+00 1.00000000E+00 2.27786809E-03 1.93623982E-02 1.0000E+00   1
  69     1.889 3.57208889E+00 3.56980470E+00 1.00000000E+00 2.28419666E-03 1.89613423E-02 1.0000E+00   1
  70     1.888 3.56759002E+00 3.56530141E+00 1.00000000E+00 2.28861200E-03 1.79126034E-02 1.0000E+00   1
  71     1.887 3.56363451E+00 3.56134278E+00 1.00000000E+00 2.29173131E-03 1.68090702E-02 1.0000E+00   1
  72     1.886 3.55992183E+00 3.55762780E+00 1.00000000E+00 2.29403151E-03 1.59580621E-02 1.0000E+00   1
  73     1.885 3.55645141E+00 3.55415565E+00 1.00000000E+00 2.29576442E-03 1.59808171E-02 1.0000E+00   1
  74     1.884 3.55281869E+00 3.55052125E+00 1.00000000E+00 2.29743871E-03 1.68222797E-02 1.0000E+00   1
  75     1.883 3.54857802E+00 3.54627852E+00 1.00000000E+00 2.29950416E-03 1.78904938E-02 1.0000E+00   1
  76     1.882 3.54355183E+00 3.54124955E+00 1.00000000E+00 2.30227845E-03 1.85360822E-02 1.0000E+00   1
  77     1.880 3.53836175E+00 3.53605658E+00 1.00000000E+00 2.30517733E-03 1.82854901E-02 1.0000E+00   1
  78     1.879 3.53393000E+00 3.53162290E+00 1.00000000E+00 2.30710627E-03 1.80983459E-02 1.0000E+00   1
  79     1.878 3.53043787E+00 3.52813035E+00 1.00000000E+00 2.30751640E-03 1.77999054E-02 1.0000E+00   1
  80     1.877 3.52722471E+00 3.52491789E+00 1.00000000E+00 2.30682518E-03 1.77597625E-02 1.0000E+00   1
  81     1.877 3.52357389E+00 3.52126796E+00 1.00000000E+00 2.30592772E-03 1.81625057E-02 1.0000E+00   1
  82     1.876 3.51996656E+00 3.51766120E+00 1.00000000E+00 2.30535677E-03 1.82366828E-02 1.0000E+00   1
  83     1.875 3.51649505E+00 3.51418991E+00 1.00000000E+00 2.30513781E-03 1.71333145E-02 1.0000E+00   1
  84     1.874 3.51340837E+00 3.51110355E+00 1.00000000E+00 2.30481796E-03 1.47859959E-02 1.0000E+00   1
  85     1.873 3.51106920E+00 3.50876516E+00 1.00000000E+00 2.30404091E-03 1.28456734E-02 1.0000E+00   1
  86     1.873 3.50943556E+00 3.50713275E+00 1.00000000E+00 2.30281081E-03 1.25765672E-02 1.0000E+00   1
  87     1.872 3.50805956E+00 3.50575839E+00 1.00000000E+00 2.30117008E-03 1.33078530E-02 1.0000E+00   1
  88     1.872 3.50654309E+00 3.50424417E+00 1.00000000E+00 2.29892445E-03 1.40466289E-02 1.0000E+00   1
  89     1.871 3.50469468E+00 3.50239891E+00 1.00000000E+00 2.29576908E-03 1.42446720E-02 1.0000E+00   1
  90     1.871 3.50264870E+00 3.50035700E+00 1.00000000E+00 2.29169868E-03 1.45233406E-02 1.0000E+00   1
  91     1.870 3.50077185E+00 3.49848436E+00 1.00000000E+00 2.28748525E-03 1.50522946E-02 1.0000E+00   1
  92     1.870 3.49918328E+00 3.49689959E+00 1.00000000E+00 2.28368936E-03 1.54958182E-02 1.0000E+00   1
  93     1.870 3.49766165E+00 3.49538181E+00 1.00000000E+00 2.27983579E-03 1.51395269E-02 1.0000E+00   1
  94     1.869 3.49617109E+00 3.49389539E+00 1.00000000E+00 2.27569874E-03 1.44650367E-02 1.0000E+00   1
  95     1.869 3.49468470E+00 3.49241351E+00 1.00000000E+00 2.27119464E-03 1.43707315E-02 1.0000E+00   1
  96     1.868 3.49322445E+00 3.49095779E+00 1.00000000E+00 2.26665927E-03 1.49802578E-02 1.0000E+00   1
  97     1.868 3.49168314E+00 3.48942109E+00 1.00000000E+00 2.26204876E-03 1.50960626E-02 1.0000E+00   1
  98     1.868 3.49007291E+00 3.48781547E+00 1.00000000E+00 2.25744235E-03 1.40171746E-02 1.0000E+00   1
  99     1.867 3.48857992E+00 3.48632681E+00 1.00000000E+00 2.25310660E-03 1.30580539E-02 1.0000E+00   1
 100     1.867 3.48732182E+00 3.48507248E+00 1.00000000E+00 2.24933549E-03 1.32822473E-02 1.0000E+00   1
 101     1.867 3.48612798E+00 3.48388234E+00 1.00000000E+00 2.24564524E-03 1.42028956E-02 1.0000E+00   1
 102     1.866 3.48477283E+00 3.48253130E+00 1.00000000E+00 2.24152892E-03 1.44829703E-02 1.0000E+00   1
 103     1.866 3.48328001E+00 3.48104286E+00 1.00000000E+00 2.23714711E-03 1.38842173E-02 1.0000E+00   1
 104     1.865 3.48179885E+00 3.47956572E+00 1.00000000E+00 2.23313222E-03 1.30313476E-02 1.0000E+00   1
 105     1.865 3.48048797E+00 3.47825807E+00 1.00000000E+00 2.22989882E-03 1.28496010E-02 1.0000E+00   1
 106     1.865 3.47925740E+00 3.47703030E+00 1.00000000E+00 2.22709383E-03 1.26385575E-02 1.0000E+00   1
 107     1.864 3.47807432E+00 3.47584980E+00 1.00000000E+00 2.22452437E-03 1.18844594E-02 1.0000E+00   1
 108     1.864 3.47692842E+00 3.47470628E+00 1.00000000E+00 2.22213350E-03 1.10090014E-02 1.0000E+00   1
 109     1.864 3.47585430E+00 3.47363430E+00 1.00000000E+00 2.21999353E-03 1.08592182E-02 1.0000E+00   1
 110     1.863 3.47475779E+00 3.47253986E+00 1.00000000E+00 2.21792826E-03 1.12699257E-02 1.0000E+00   1
 111     1.863 3.47355826E+00 3.47134238E+00 1.00000000E+00 2.21588802E-03 1.14755843E-02 1.0000E+00   1
 112     1.863 3.47221347E+00 3.46999955E+00 1.00000000E+00 2.21391760E-03 1.12748459E-02 1.0000E+00   1
 113     1.862 3.47080384E+00 3.46859166E+00 1.00000000E+00 2.21217865E-03 1.12046581E-02 1.0000E+00   1
 114     1.862 3.46941694E+00 3.46720623E+00 1.00000000E+00 2.21071204E-03 1.17109201E-02 1.0000E+00   1
 115     1.862 3.46803140E+00 3.46582193E+00 1.00000000E+00 2.20947730E-03 1.22009816E-02 1.0000E+00   1
 116     1.861 3.46658082E+00 3.46437239E+00 1.00000000E+00 2.20842566E-03 1.22861755E-02 1.0000E+00   1
 117     1.861 3.46504868E+00 3.46284109E+00 1.00000000E+00 2.20758297E-03 1.20171781E-02 1.0000E+00   1
 118     1.860 3.46347973E+00 3.46127273E+00 1.00000000E+00 2.20700123E-03 1.20547262E-02 1.0000E+00   1
 119     1.860 3.46183057E+00 3.45962382E+00 1.00000000E+00 2.20675427E-03 1.23089184E-02 1.0000E+00   1
 120     1.860 3.46007096E+00 3.45786398E+00 1.00000000E+00 2.20697520E-03 1.21846327E-02 1.0000E+00   1
 121     1.859 3.45824780E+00 3.45604008E+00 1.00000000E+00 2.20771643E-03 1.13520146E-02 1.0000E+00   1
 122     1.859 3.45651484E+00 3.45430605E+00 1.00000000E+00 2.20878925E-03 1.05030715E-02 1.0000E+00   1
 123     1.858 3.45499127E+00 3.45278134E+00 1.00000000E+00 2.20992990E-03 1.03313115E-02 1.0000E+00   1
 124     1.858 3.45354958E+00 3.45133843E+00 1.00000000E+00 2.21115007E-03 1.05042928E-02 1.0000E+00   1
 125     1.857 3.45200021E+00 3.44978755E+00 1.00000000E+00 2.21265893E-03 1.04317948E-02 1.0000E+00   1
 126     1.857 3.45029063E+00 3.44807609E+00 1.00000000E+00 2.21454102E-03 1.00583376E-02 1.0000E+00   1
 127     1.856 3.44850678E+00 3.44629009E+00 1.00000000E+00 2.21668951E-03 9.82894905E-03 1.0000E+00   1
 128     1.856 3.44679424E+00 3.44457536E+00 1.00000000E+00 2.21888458E-03 9.92199174E-03 1.0000E+00   1
 129     1.856 3.44519768E+00 3.44297666E+00 1.00000000E+00 2.22102228E-03 9.83686190E-03 1.0000E+00   1
 130     1.855 3.44369779E+00 3.44147471E+00 1.00000000E+00 2.22307955E-03 9.38594003E-03 1.0000E+00   1
 131     1.855 3.44231837E+00 3.44009337E+00 1.00000000E+00 2.22499409E-03 8.91036710E-03 1.0000E+00   1
 132     1.854 3.44105051E+00 3.43882375E+00 1.00000000E+00 2.22676207E-03 8.95406440E-03 1.0000E+00   1
 133     1.854 3.43973642E+00 3.43750767E+00 1.00000000E+00 2.22874900E-03 9.24089977E-03 1.0000E+00   1
 134     1.854 3.43827588E+00 3.43604462E+00 1.00000000E+00 2.23126419E-03 9.28850900E-03 1.0000E+00   1
 135     1.853 3.43662877E+00 3.43439435E+00 1.00000000E+00 2.23441491E-03 8.93680533E-03 1.0000E+00   1
 136     1.853 3.43485509E+00 3.43261704E+00 1.00000000E+00 2.23805135E-03 8.70758243E-03 1.0000E+00   1
 137     1.852 3.43305217E+00 3.43081028E+00 1.00000000E+00 2.24189026E-03 8.88661212E-03 1.0000E+00   1
 138     1.852 3.43119912E+00 3.42895323E+00 1.00000000E+00 2.24589354E-03 9.08620869E-03 1.0000E+00   1
 139     1.851 3.42928762E+00 3.42703765E+00 1.00000000E+00 2.24996497E-03 8.91604310E-03 1.0000E+00   1
 140     1.851 3.42733472E+00 3.42508075E+00 1.00000000E+00 2.25396730E-03 8.78563006E-03 1.0000E+00   1
 141     1.850 3.42537900E+00 3.42312118E+00 1.00000000E+00 2.25781498E-03 9.39858236E-03 1.0000E+00   1
 142     1.850 3.42331792E+00 3.42105604E+00 1.00000000E+00 2.26187815E-03 1.05249444E-02 1.0000E+00   1
 143     1.849 3.42094688E+00 3.41868004E+00 1.00000000E+00 2.26683974E-03 1.11936306E-02 1.0000E+00   1
 144     1.848 3.41822676E+00 3.41595379E+00 1.00000000E+00 2.27297030E-03 1.06928153E-02 1.0000E+00   1
 145     1.847 3.41545720E+00 3.41317768E+00 1.00000000E+00 2.27951898E-03 9.51372945E-03 1.0000E+00   1
 146     1.847 3.41312558E+00 3.41084047E+00 1.00000000E+00 2.28511628E-03 8.91636114E-03 1.0000E+00   1
 147     1.846 3.41125736E+00 3.40896783E+00 1.00000000E+00 2.28952718E-03 9.00840776E-03 1.0000E+00   1
 148     1.846 3.40947081E+00 3.40717705E+00 1.00000000E+00 2.29375718E-03 9.18625390E-03 1.0000E+00   1
 149     1.845 3.40748081E+00 3.40518219E+00 1.00000000E+00 2.29861545E-03 9.21087724E-03 1.0000E+00   1
 150     1.845 3.40513046E+00 3.40282590E+00 1.00000000E+00 2.30456033E-03 9.40311675E-03 1.0000E+00   1
 151     1.844 3.40236469E+00 3.40005288E+00 1.00000000E+00 2.31181431E-03 9.91274150E-03 1.0000E+00   1
 152     1.843 3.39918670E+00 3.39686619E+00 1.00000000E+00 2.32051663E-03 1.01353205E-02 1.0000E+00   1
 153     1.842 3.39594287E+00 3.39361316E+00 1.00000000E+00 2.32971104E-03 9.38905540E-03 1.0000E+00   1
 154     1.841 3.39326711E+00 3.39092971E+00 1.00000000E+00 2.33740050E-03 8.30627581E-03 1.0000E+00   1
 155     1.841 3.39163766E+00 3.38929605E+00 1.00000000E+00 2.34160631E-03 7.57423799E-03 1.0000E+00   1
 156     1.841 3.39033362E+00 3.38798895E+00 1.00000000E+00 2.34466799E-03 7.75075428E-03 1.0000E+00   1
 157     1.840 3.38881797E+00 3.38646948E+00 1.00000000E+00 2.34849285E-03 8.25994570E-03 1.0000E+00   1
 158     1.840 3.38685580E+00 3.38450189E+00 1.00000000E+00 2.35390445E-03 8.57625317E-03 1.0000E+00   1
 159     1.839 3.38433155E+00 3.38197045E+00 1.00000000E+00 2.36110631E-03 8.61480207E-03 1.0000E+00   1
 160     1.838 3.38133569E+00 3.37896601E+00 1.00000000E+00 2.36968206E-03 8.62141078E-03 1.0000E+00   1
 161     1.837 3.37807419E+00 3.37569505E+00 1.00000000E+00 2.37914004E-03 8.57070332E-03 1.0000E+00   1
 162     1.837 3.37522662E+00 3.37283933E+00 1.00000000E+00 2.38729282E-03 8.32257526E-03 1.0000E+00   1
 163     1.836 3.37328696E+00 3.37089461E+00 1.00000000E+00 2.39235193E-03 8.04901624E-03 1.0000E+00   1
 164     1.836 3.37214284E+00 3.36974828E+00 1.00000000E+00 2.39455844E-03 7.90725768E-03 1.0000E+00   1
 165     1.835 3.37106437E+00 3.36866814E+00 1.00000000E+00 2.39622824E-03 8.34614787E-03 1.0000E+00   1
 166     1.835 3.36961913E+00 3.36722000E+00 1.00000000E+00 2.39913084E-03 9.15929400E-03 1.0000E+00   1
 167     1.834 3.36763393E+00 3.36523002E+00 1.00000000E+00 2.40391373E-03 9.81511668E-03 1.0000E+00   1
 168     1.834 3.36508173E+00 3.36267118E+00 1.00000000E+00 2.41055084E-03 9.84773501E-03 1.0000E+00   1
 169     1.833 3.36208727E+00 3.35966873E+00 1.00000000E+00 2.41853986E-03 9.10752955E-03 1.0000E+00   1
 170     1.832 3.35929509E+00 3.35686903E+00 1.00000000E+00 2.42605994E-03 7.94956892E-03 1.0000E+00   1
 171     1.832 3.35755570E+00 3.35512529E+00 1.00000000E+00 2.43040303E-03 7.35084728E-03 1.0000E+00   1
 172     1.832 3.35682524E+00 3.35439389E+00 1.00000000E+00 2.43135043E-03 7.26571533E-03 1.0000E+00   1
 173     1.831 3.35629474E+00 3.35386347E+00 1.00000000E+00 2.43126819E-03 7.71324376E-03 1.0000E+00   1
 174     1.831 3.35557930E+00 3.35314796E+00 1.00000000E+00 2.43133868E-03 8.46278433E-03 1.0000E+00   1
 175     1.831 3.35444413E+00 3.35201175E+00 1.00000000E+00 2.43238860E-03 9.26102015E-03 1.0000E+00   1
 176     1.830 3.35293637E+00 3.35050190E+00 1.00000000E+00 2.43446505E-03 9.66385333E-03 1.0000E+00   1
 177     1.830 3.35118598E+00 3.34874877E+00 1.00000000E+00 2.43721130E-03 9.56556925E-03 1.0000E+00   1
 178     1.829 3.34945432E+00 3.34701423E+00 1.00000000E+00 2.44008527E-03 9.12556051E-03 1.0000E+00   1
 179     1.829 3.34807552E+00 3.34563335E+00 1.00000000E+00 2.44216659E-03 8.70965569E-03 1.0000E+00   1
 180     1.829 3.34708433E+00 3.34464116E+00 1.00000000E+00 2.44316732E-03 8.55489239E-03 1.0000E+00   1
 181     1.829 3.34628804E+00 3.34384459E+00 1.00000000E+00 2.44344972E-03 8.66121715E-03 1.0000E+00   1
 182     1.828 3.34549448E+00 3.34305102E+00 1.00000000E+00 2.44345768E-03 8.97394053E-03 1.0000E+00   1
 183     1.828 3.34465251E+00 3.34220892E+00 1.00000000E+00 2.44359502E-03 9.20768026E-03 1.0000E+00   1
 184     1.828 3.34384633E+00 3.34140244E+00 1.00000000E+00 2.44388903E-03 9.09200363E-03 1.0000E+00   1
 185     1.828 3.34307668E+00 3.34063243E+00 1.00000000E+00 2.44425626E-03 8.76892823E-03 1.0000E+00   1
 186     1.828 3.34227834E+00 3.33983364E+00 1.00000000E+00 2.44470746E-03 8.57608398E-03 1.0000E+00   1
 187     1.827 3.34137881E+00 3.33893348E+00 1.00000000E+00 2.44532986E-03 8.65826855E-03 1.0000E+00   1
 188     1.827 3.34034767E+00 3.33790145E+00 1.00000000E+00 2.44621670E-03 8.69150310E-03 1.0000E+00   1
 189     1.827 3.33924633E+00 3.33679902E+00 1.00000000E+00 2.44731049E-03 8.16360759E-03 1.0000E+00   1
 190     1.826 3.33824241E+00 3.33579409E+00 1.00000000E+00 2.44831058E-03 7.20455136E-03 1.0000E+00   1
 191     1.826 3.33755822E+00 3.33510941E+00 1.00000000E+00 2.44880923E-03 6.66567655E-03 1.0000E+00   1
 192     1.826 3.33716384E+00 3.33471507E+00 1.00000000E+00 2.44877093E-03 6.67038257E-03 1.0000E+00   1
 193     1.826 3.33686636E+00 3.33441789E+00 1.00000000E+00 2.44847686E-03 6.83482420E-03 1.0000E+00   1
 194     1.826 3.33656393E+00 3.33411583E+00 1.00000000E+00 2.44810162E-03 6.94331861E-03 1.0000E+00   1
 195     1.826 3.33618223E+00 3.33373451E+00 1.00000000E+00 2.44772453E-03 7.03564953E-03 1.0000E+00   1
 196     1.826 3.33568642E+00 3.33323899E+00 1.00000000E+00 2.44742511E-03 7.17764286E-03 1.0000E+00   1
 197     1.826 3.33507488E+00 3.33262758E+00 1.00000000E+00 2.44729758E-03 7.19554476E-03 1.0000E+00   1
 198     1.825 3.33443563E+00 3.33198832E+00 1.00000000E+00 2.44731452E-03 6.70877932E-03 1.0000E+00   1
 199     1.825 3.33393059E+00 3.33148339E+00 1.00000000E+00 2.44719717E-03 5.99041981E-03 1.0000E+00   1
 200     1.825 3.33363120E+00 3.33118444E+00 1.00000000E+00 2.44675598E-03 5.77070365E-03 1.0000E+00   1
