iter rms       Phi            Phid           lambda         Phim           gnorm          step       nfg
   0   128.734 1.65723914E+04 1.65723914E+04 1.00000000E+00 0.00000000E+00 4.58077294E+02 0.0000E+00   0
   1    94.965 9.01826102E+03 9.01826074E+03 1.00000000E+00 2.79480884E-04 1.88025978E+02 1.0000E+00   1
   2    86.001 7.39613419E+03 7.39613391E+03 1.00000000E+00 2.76761805E-04 1.37038945E+02 1.0000E+00   1
   3    82.076 6.73643079E+03 6.73643047E+03 1.00000000E+00 3.18482932E-04 1.70966820E+02 1.0000E+00   1
   4    76.612 5.86936858E+03 5.86936823E+03 1.00000000E+00 3.50843357E-04 1.12677899E+02 1.0000E+00   1
   5    69.341 4.80821296E+03 4.80821247E+03 1.00000000E+00 4.93196173E-04 1.15060391E+02 1.0000E+00   1
   6    63.213 3.99594255E+03 3.99594191E+03 1.00000000E+00 6.42103741E-04 1.33838987E+02 1.0000E+00   1
   7    57.658 3.32440303E+03 3.32440211E+03 1.00000000E+00 9.27190257E-04 1.34879730E+02 1.0000E+00   1
   8    53.480 2.86013790E+03 2.86013704E+03 1.00000000E+00 8.57974222E-04 1.05880756E+02 1.0000E+00   1
   9    50.914 2.59228093E+03 2.59228014E+03 1.00000000E+00 7.91363161E-04 1.10347758E+02 1.0000E+00   1
  10    48.004 2.30436636E+03 2.30436555E+03 1.00000000E+00 8.07361885E-04 8.38094321E+01 1.0000E+00   1
  11    45.151 2.03862703E+03 2.03862617E+03 1.00000000E+00 8.64468212E-04 8.33433831E+01 1.0000E+00   1
  12    42.529 1.80867845E+03 1.80867747E+03 1.00000000E+00 9.74713211E-04 8.69317138E+01 1.0000E+00   1
  13    40.777 1.66278960E+03 1.66278862E+03 1.00000000E+00 9.72010113E-04 7.15014725E+01 1.0000E+00   1
  14    39.060 1.52565486E+03 1.52565390E+03 1.00000000E+00 9.61166405E-04 1.49311666E+02 1.0000E+00   1
  15    38.567 1.48744041E+03 1.48743944E+03 1.00000000E+00 9.71316836E-04 7.39396458E+01 2.5413E-01   2
  16    37.341 1.39434135E+03 1.39434032E+03 1.00000000E+00 1.02915515E-03 6.07865977E+01 5.0000E+00   2
  17    36.491 1.33155989E+03 1.33155886E+03 1.00000000E+00 1.02382166E-03 4.67597875E+01 1.0000E+00   1
  18    35.258 1.24311491E+03 1.24311384E+03 1.00000000E+00 1.06696534E-03 6.41513906E+01 1.0000E+00   1
  19    34.813 1.21192432E+03 1.21192323E+03 1.00000000E+00 1.08286181E-03 5.21525444E+01 1.0000E+00   1
  20    34.286 1.17550254E+03 1.17550145E+03 1.00000000E+00 1.09314724E-03 6.49529984E+01 1.0000E+00   1
  21    33.705 1.13604355E+03 1.13604243E+03 1.00000000E+00 1.11566692E-03 6.46787413E+01 1.0000E+00   1
  22    33.065 1.09331718E+03 1.09331603E+03 1.00000000E+00 1.15163618E-03 7.91131032E+01 1.0000E+00   1
  23    32.682 1.06812975E+03 1.06812860E+03 1.00000000E+00 1.15496692E-03 5.75849855E+01 1.0000E+00   1
  24    31.690 1.00423271E+03 1.00423152E+03 1.00000000E+00 1.18639350E-03 4.83141924E+01 1.0000E+00   1
  25    30.784 9.47647019E+02 9.47645784E+02 1.00000000E+00 1.23486447E-03 4.30876919E+01 1.0000E+00   1
  26    30.345 9.20797748E+02 9.20796503E+02 1.00000000E+00 1.24544461E-03 3.94483391E+01 1.0000E+00   1
  27    29.451 8.67346588E+02 8.67345312E+02 1.00000000E+00 1.27626990E-03 3.88873895E+01 1.0000E+00   1
  28    29.134 8.48775131E+02 8.48773835E+02 1.00000000E+00 1.29599435E-03 2.22465632E+02 1.0000E+00   1
  29    29.122 8.48082074E+02 8.48080776E+02 1.00000000E+00 1.29794132E-03 4.93923907E+01 3.9439E-03   4
  30    28.919 8.36303921E+02 8.36302631E+02 1.00000000E+00 1.29031051E-03 6.75835967E+01 1.0000E+00   1
  31    28.731 8.25494449E+02 8.25493166E+02 1.00000000E+00 1.28323590E-03 6.75272846E+01 1.0000E+00   1
  32    28.500 8.12276066E+02 8.12274776E+02 1.00000000E+00 1.29002548E-03 5.03808859E+01 1.0000E+00   1
  33    28.227 7.96759508E+02 7.96758198E+02 1.00000000E+00 1.30944524E-03 4.48746872E+01 1.0000E+00   1
  34    27.904 7.78636194E+02 7.78634866E+02 1.00000000E+00 1.32847374E-03 4.43048534E+01 1.0000E+00   1
  35    27.512 7.56913957E+02 7.56912587E+02 1.00000000E+00 1.36991764E-03 3.84736423E+01 1.0000E+00   1
  36    27.162 7.37791885E+02 7.37790505E+02 1.00000000E+00 1.38017720E-03 3.61285107E+01 1.0000E+00   1
  37    26.748 7.15475098E+02 7.15473669E+02 1.00000000E+00 1.42883986E-03 5.47024172E+01 1.0000E+00   1
  38    26.191 6.85943931E+02 6.85942529E+02 1.00000000E+00 1.40184586E-03 3.13652884E+01 1.0000E+00   1
  39    25.917 6.71706397E+02 6.71705009E+02 1.00000000E+00 1.38810855E-03 2.76426196E+01 1.0000E+00   1
  40    25.685 6.59701537E+02 6.59700148E+02 1.00000000E+00 1.38955969E-03 3.06351203E+01 1.0000E+00   1
  41    25.143 6.32158620E+02 6.32157207E+02 1.00000000E+00 1.41324273E-03 3.74805527E+01 1.0000E+00   1
  42    24.569 6.03658142E+02 6.03656692E+02 1.00000000E+00 1.45050959E-03 3.55826006E+01 1.0000E+00   1
  43    24.042 5.78038792E+02 5.78037289E+02 1.00000000E+00 1.50318557E-03 3.45828675E+01 1.0000E+00   1
  44    23.439 5.49370624E+02 5.49369064E+02 1.00000000E+00 1.56031305E-03 4.04304068E+01 1.0000E+00   1
  45    23.038 5.30767073E+02 5.30765491E+02 1.00000000E+00 1.58149212E-03 3.33861827E+01 1.0000E+00   1
  46    22.555 5.08710951E+02 5.08709354E+02 1.00000000E+00 1.59740203E-03 2.78122003E+01 1.0000E+00   1
  47    22.123 4.89449392E+02 4.89447768E+02 1.00000000E+00 1.62430011E-03 2.49726018E+01 1.0000E+00   1
  48    21.708 4.71246884E+02 4.71245233E+02 1.00000000E+00 1.65095307E-03 2.53267633E+01 1.0000E+00   1
  49    21.296 4.53539359E+02 4.53537669E+02 1.00000000E+00 1.68992868E-03 2.46197085E+01 1.0000E+00   1
  50    20.663 4.26958204E+02 4.26956461E+02 1.00000000E+00 1.74324764E-03 2.47425165E+01 1.0000E+00   1
  51    20.124 4.04984990E+02 4.04983206E+02 1.00000000E+00 1.78435420E-03 2.25780347E+01 1.0000E+00   1
  52    19.608 3.84460594E+02 3.84458775E+02 1.00000000E+00 1.81911604E-03 2.32515234E+01 1.0000E+00   1
  53    19.214 3.69162166E+02 3.69160322E+02 1.00000000E+00 1.84427293E-03 2.13733751E+01 1.0000E+00   1
  54    18.689 3.49279867E+02 3.49277976E+02 1.00000000E+00 1.89107231E-03 2.54405460E+01 1.0000E+00   1
  55    18.284 3.34323013E+02 3.34321071E+02 1.00000000E+00 1.94236462E-03 2.74318238E+01 1.0000E+00   1
  56    18.030 3.25074965E+02 3.25072993E+02 1.00000000E+00 1.97218199E-03 2.56435787E+01 1.0000E+00   1
  57    17.705 3.13482308E+02 3.13480298E+02 1.00000000E+00 2.00998178E-03 2.23816045E+01 1.0000E+00   1
  58    17.364 3.01516758E+02 3.01514701E+02 1.00000000E+00 2.05709006E-03 1.90057030E+01 1.0000E+00   1
  59    17.051 2.90747860E+02 2.90745757E+02 1.00000000E+00 2.10264919E-03 2.28143465E+01 1.0000E+00   1
  60    16.829 2.83227781E+02 2.83225655E+02 1.00000000E+00 2.12565247E-03 1.86147770E+01 1.0000E+00   1
  61    16.690 2.78572829E+02 2.78570698E+02 1.00000000E+00 2.13065072E-03 1.81710259E+01 1.0000E+00   1
  62    16.395 2.68795302E+02 2.68793143E+02 1.00000000E+00 2.15810738E-03 1.81964944E+01 1.0000E+00   1
  63    16.193 2.62208475E+02 2.62206305E+02 1.00000000E+00 2.17034701E-03 1.55600375E+01 1.0000E+00   1
  64    15.940 2.54087537E+02 2.54085342E+02 1.00000000E+00 2.19462429E-03 1.53259651E+01 1.0000E+00   1
  65    15.700 2.46500275E+02 2.46498048E+02 1.00000000E+00 2.22730949E-03 1.65454619E+01 1.0000E+00   1
  66    15.471 2.39349658E+02 2.39347390E+02 1.00000000E+00 2.26806172E-03 1.80426141E+01 1.0000E+00   1
  67    15.319 2.34687211E+02 2.34684936E+02 1.00000000E+00 2.27499862E-03 1.66755109E+01 1.0000E+00   1
  68    15.052 2.26559747E+02 2.26557460E+02 1.00000000E+00 2.28687405E-03 1.52126688E+01 1.0000E+00   1
  69    14.866 2.20985895E+02 2.20983591E+02 1.00000000E+00 2.30410607E-03 1.37578818E+01 1.0000E+00   1
  70    14.658 2.14853509E+02 2.14851183E+02 1.00000000E+00 2.32615342E-03 1.41141635E+01 1.0000E+00   1
  71    14.434 2.08341569E+02 2.08339216E+02 1.00000000E+00 2.35228058E-03 1.46670517E+01 1.0000E+00   1
  72    14.143 2.00028133E+02 2.00025750E+02 1.00000000E+00 2.38373032E-03 1.48208696E+01 1.0000E+00   1
  73    13.858 1.92049616E+02 1.92047186E+02 1.00000000E+00 2.43019389E-03 2.09429397E+01 1.0000E+00   1
  74    13.616 1.85398048E+02 1.85395599E+02 1.00000000E+00 2.44926448E-03 1.35330495E+01 1.0000E+00   1
  75    13.457 1.81091737E+02 1.81089282E+02 1.00000000E+00 2.45542186E-03 1.35873311E+01 1.0000E+00   1
  76    13.249 1.75541044E+02 1.75538576E+02 1.00000000E+00 2.46802607E-03 1.45123338E+01 1.0000E+00   1
  77    13.056 1.70468117E+02 1.70465633E+02 1.00000000E+00 2.48457748E-03 1.09893778E+02 1.0000E+00   1
  78    12.809 1.64082618E+02 1.64080118E+02 1.00000000E+00 2.50005501E-03 1.55995371E+01 1.0000E+00   1
  79    12.785 1.63461829E+02 1.63459318E+02 1.00000000E+00 2.51033661E-03 1.76761240E+01 1.0000E+00   1
  80    12.649 1.59991447E+02 1.59988919E+02 1.00000000E+00 2.52859736E-03 1.43668521E+01 1.0000E+00   1
  81    12.467 1.55436193E+02 1.55433643E+02 1.00000000E+00 2.55012535E-03 1.21766568E+01 1.0000E+00   1
  82    12.376 1.53174281E+02 1.53171711E+02 1.00000000E+00 2.56959071E-03 1.23306940E+01 1.0000E+00   1
  83    12.135 1.47263617E+02 1.47261011E+02 1.00000000E+00 2.60519402E-03 1.20888844E+01 1.0000E+00   1
  84    11.964 1.43132720E+02 1.43130095E+02 1.00000000E+00 2.62477303E-03 1.81130888E+01 1.0000E+00   1
  85    11.863 1.40725235E+02 1.40722607E+02 1.00000000E+00 2.62825056E-03 1.60617707E+01 1.0000E+00   1
  86    11.661 1.35981924E+02 1.35979288E+02 1.00000000E+00 2.63601179E-03 1.29851109E+01 1.0000E+00   1
  87    11.567 1.33787901E+02 1.33785260E+02 1.00000000E+00 2.64085004E-03 1.12901307E+01 1.0000E+00   1
  88    11.435 1.30753816E+02 1.30751168E+02 1.00000000E+00 2.64752031E-03 1.18576937E+01 1.0000E+00   1
  89    11.315 1.28032588E+02 1.28029928E+02 1.00000000E+00 2.65966673E-03 1.16561895E+01 1.0000E+00   1
  90    11.134 1.23957698E+02 1.23955024E+02 1.00000000E+00 2.67390738E-03 1.04591909E+01 1.0000E+00   1
  91    10.994 1.20867591E+02 1.20864903E+02 1.00000000E+00 2.68709464E-03 1.18540414E+01 1.0000E+00   1
  92    10.898 1.18777091E+02 1.18774392E+02 1.00000000E+00 2.69891868E-03 1.79401501E+01 1.0000E+00   1
  93    10.839 1.17480373E+02 1.17477677E+02 1.00000000E+00 2.69605292E-03 1.35759225E+01 1.0000E+00   1
  94    10.789 1.16394635E+02 1.16391941E+02 1.00000000E+00 2.69354810E-03 1.18328659E+01 1.0000E+00   1
  95    10.690 1.14286462E+02 1.14283766E+02 1.00000000E+00 2.69610480E-03 9.82827213E+00 1.0000E+00   1
  96    10.545 1.11205968E+02 1.11203259E+02 1.00000000E+00 2.70894647E-03 9.91860883E+00 1.0000E+00   1
  97    10.489 1.10014987E+02 1.10012270E+02 1.00000000E+00 2.71686134E-03 1.07237594E+01 1.0000E+00   1
  98    10.471 1.09638526E+02 1.09635803E+02 1.00000000E+00 2.72292450E-03 1.24655975E+01 1.0000E+00   1
  99    10.360 1.07341653E+02 1.07338922E+02 1.00000000E+00 2.73048547E-03 1.30622453E+01 4.4445E-01   2
 100    10.289 1.05860959E+02 1.05858233E+02 1.00000000E+00 2.72607918E-03 1.05809246E+01 1.0000E+00   1
 101    10.253 1.05133446E+02 1.05130726E+02 1.00000000E+00 2.71984697E-03 9.93550653E+00 1.0000E+00   1
 102    10.181 1.03653198E+02 1.03650481E+02 1.00000000E+00 2.71678683E-03 7.89582299E+00 1.0000E+00   1
 103    10.113 1.02280330E+02 1.02277614E+02 1.00000000E+00 2.71613246E-03 8.22213503E+00 1.0000E+00   1
 104    10.058 1.01174104E+02 1.01171386E+02 1.00000000E+00 2.71873346E-03 8.50374810E+00 1.0000E+00   1
 105     9.866 9.73449099E+01 9.73421811E+01 1.00000000E+00 2.72877743E-03 8.93786046E+00 1.0000E+00   1
 106     9.759 9.52321041E+01 9.52293622E+01 1.00000000E+00 2.74196529E-03 7.90876213E+00 1.0000E+00   1
 107     9.679 9.36795506E+01 9.36767971E+01 1.00000000E+00 2.75354137E-03 7.53431353E+00 1.0000E+00   1
 108     9.593 9.20368308E+01 9.20340660E+01 1.00000000E+00 2.76477018E-03 8.00919838E+00 1.0000E+00   1
 109     9.562 9.14324470E+01 9.14296698E+01 1.00000000E+00 2.77719686E-03 8.38027445E+00 1.0000E+00   1
 110     9.420 8.87397467E+01 8.87369656E+01 1.00000000E+00 2.78110039E-03 8.51314314E+00 1.0000E+00   1
 111     9.367 8.77403936E+01 8.77376130E+01 1.00000000E+00 2.78060531E-03 8.67990297E+00 4.6450E-02   2
 112     9.341 8.72620237E+01 8.72592435E+01 1.00000000E+00 2.78028439E-03 7.11248224E+00 2.0167E-02   2
 113     9.336 8.71563339E+01 8.71535537E+01 1.00000000E+00 2.78022436E-03 5.84575086E+00 1.0000E+00   1
 114     9.293 8.63580292E+01 8.63552494E+01 1.00000000E+00 2.77978586E-03 8.06990659E+00 1.0816E-01   2
 115     9.290 8.63068686E+01 8.63040889E+01 1.00000000E+00 2.77975188E-03 6.92873927E+00 6.8107E-03   3
