iter rms       Phi            Phid           lambda         Phim           gnorm          step       nfg
   0   116.506 1.72024929E+04 1.72024929E+04 1.00000000E+00 0.00000000E+00 4.58064293E+02 0.0000E+00   0
   1    87.332 9.87019881E+03 9.87019852E+03 1.00000000E+00 2.88722089E-04 1.96626452E+02 1.0000E+00   1
   2    78.803 8.06561412E+03 8.06561383E+03 1.00000000E+00 2.87286492E-04 1.23123073E+02 1.0000E+00   1
   3    73.322 6.98008860E+03 6.98008825E+03 1.00000000E+00 3.58653931E-04 1.46383728E+02 1.0000E+00   1
   4    68.930 6.18937137E+03 6.18937096E+03 1.00000000E+00 4.16372606E-04 1.25040216E+02 1.0000E+00   1
   5    63.111 5.18873608E+03 5.18873531E+03 1.00000000E+00 7.72527014E-04 1.52667253E+02 1.0000E+00   1
   6    56.942 4.24764986E+03 4.24764907E+03 1.00000000E+00 7.92775965E-04 1.52941036E+02 1.0000E+00   1
   7    53.615 3.77324966E+03 3.77324885E+03 1.00000000E+00 8.06899781E-04 1.20883256E+02 1.0000E+00   1
   8    51.113 3.44340718E+03 3.44340636E+03 1.00000000E+00 8.18232360E-04 1.17320235E+02 1.0000E+00   1
   9    48.056 3.05641895E+03 3.05641808E+03 1.00000000E+00 8.69725954E-04 1.17805185E+02 1.0000E+00   1
  10    45.563 2.76047865E+03 2.76047778E+03 1.00000000E+00 8.74495009E-04 1.02283451E+02 1.0000E+00   1
  11    43.708 2.54695800E+03 2.54695703E+03 1.00000000E+00 9.65580770E-04 1.18090833E+02 1.0000E+00   1
  12    42.061 2.36836085E+03 2.36835989E+03 1.00000000E+00 9.58909368E-04 8.19480316E+01 1.0000E+00   1
  13    40.722 2.22685527E+03 2.22685430E+03 1.00000000E+00 9.69193129E-04 7.37249262E+01 1.0000E+00   1
  14    39.569 2.10754421E+03 2.10754322E+03 1.00000000E+00 9.91666060E-04 8.06158733E+01 1.0000E+00   1
  15    38.286 1.97798931E+03 1.97798826E+03 1.00000000E+00 1.04520548E-03 6.85782596E+01 1.0000E+00   1
  16    37.617 1.91245591E+03 1.91245485E+03 1.00000000E+00 1.06006027E-03 5.88179399E+01 1.0000E+00   1
  17    36.394 1.79460829E+03 1.79460720E+03 1.00000000E+00 1.08323265E-03 7.94157356E+01 1.0000E+00   1
  18    35.908 1.74833010E+03 1.74832901E+03 1.00000000E+00 1.08632003E-03 6.13173237E+01 1.0000E+00   1
  19    35.543 1.71493421E+03 1.71493312E+03 1.00000000E+00 1.08901457E-03 5.35687102E+01 1.0000E+00   1
  20    34.864 1.65282201E+03 1.65282090E+03 1.00000000E+00 1.11526965E-03 5.08646420E+01 1.0000E+00   1
  21    34.456 1.61654764E+03 1.61654651E+03 1.00000000E+00 1.12678707E-03 5.73634826E+01 1.0000E+00   1
  22    33.878 1.56458924E+03 1.56458805E+03 1.00000000E+00 1.18900097E-03 1.24833162E+02 1.0000E+00   1
  23    33.508 1.53342250E+03 1.53342131E+03 1.00000000E+00 1.18849292E-03 8.67836447E+01 1.0000E+00   1
  24    33.218 1.50904738E+03 1.50904621E+03 1.00000000E+00 1.17509290E-03 5.27812413E+01 1.0000E+00   1
  25    32.962 1.48724503E+03 1.48724386E+03 1.00000000E+00 1.17569358E-03 6.56340460E+01 1.0000E+00   1
  26    32.902 1.48070662E+03 1.48070545E+03 1.00000000E+00 1.17577544E-03 5.83583670E+01 1.0000E+00   1
  27    32.411 1.44051890E+03 1.44051770E+03 1.00000000E+00 1.19288325E-03 4.85239171E+01 1.0000E+00   1
  28    32.028 1.40927147E+03 1.40927025E+03 1.00000000E+00 1.21681665E-03 3.89324396E+01 1.0000E+00   1
  29    31.734 1.38509752E+03 1.38509629E+03 1.00000000E+00 1.22937010E-03 3.73679012E+01 1.0000E+00   1
  30    30.946 1.32037630E+03 1.32037502E+03 1.00000000E+00 1.28661171E-03 4.51793560E+01 1.0000E+00   1
  31    30.547 1.28840102E+03 1.28839971E+03 1.00000000E+00 1.30836853E-03 5.00310671E+01 1.0000E+00   1
  32    30.200 1.26061718E+03 1.26061585E+03 1.00000000E+00 1.32590655E-03 4.12768130E+01 1.0000E+00   1
  33    30.015 1.24437517E+03 1.24437382E+03 1.00000000E+00 1.34920529E-03 4.63092324E+01 1.0000E+00   1
  34    29.826 1.22975646E+03 1.22975512E+03 1.00000000E+00 1.34449113E-03 3.35986963E+01 1.0000E+00   1
  35    29.573 1.21039657E+03 1.21039524E+03 1.00000000E+00 1.33155394E-03 3.76983709E+01 1.0000E+00   1
  36    29.398 1.19557248E+03 1.19557114E+03 1.00000000E+00 1.33391857E-03 4.05651325E+01 1.0000E+00   1
  37    29.186 1.17858977E+03 1.17858842E+03 1.00000000E+00 1.34474405E-03 3.99639933E+01 1.0000E+00   1
  38    28.780 1.14600291E+03 1.14600154E+03 1.00000000E+00 1.37580503E-03 3.57448252E+01 1.0000E+00   1
  39    28.535 1.12633873E+03 1.12633733E+03 1.00000000E+00 1.39244259E-03 3.60578444E+01 1.0000E+00   1
  40    28.109 1.09282749E+03 1.09282607E+03 1.00000000E+00 1.42707752E-03 3.71703017E+01 1.0000E+00   1
  41    27.742 1.06397045E+03 1.06396898E+03 1.00000000E+00 1.46750062E-03 3.42297962E+01 1.0000E+00   1
  42    27.494 1.04572514E+03 1.04572366E+03 1.00000000E+00 1.48037046E-03 2.83228235E+01 1.0000E+00   1
  43    27.203 1.02425847E+03 1.02425697E+03 1.00000000E+00 1.49839754E-03 2.64732067E+01 1.0000E+00   1
  44    26.824 9.96134175E+02 9.96132642E+02 1.00000000E+00 1.53352735E-03 2.71703496E+01 1.0000E+00   1
  45    26.322 9.59169670E+02 9.59168069E+02 1.00000000E+00 1.60102545E-03 3.25181639E+01 1.0000E+00   1
  46    25.911 9.29904045E+02 9.29902390E+02 1.00000000E+00 1.65518549E-03 2.75463150E+01 1.0000E+00   1
  47    25.537 9.04302599E+02 9.04300908E+02 1.00000000E+00 1.69079333E-03 2.33968170E+01 1.0000E+00   1
  48    25.188 8.80489814E+02 8.80488085E+02 1.00000000E+00 1.72880777E-03 2.26110264E+01 1.0000E+00   1
  49    24.820 8.56111679E+02 8.56109912E+02 1.00000000E+00 1.76661456E-03 2.32218565E+01 1.0000E+00   1
  50    24.368 8.26386776E+02 8.26384928E+02 1.00000000E+00 1.84781824E-03 2.74613684E+01 1.0000E+00   1
  51    24.016 8.04113753E+02 8.04111858E+02 1.00000000E+00 1.89528252E-03 2.19918787E+01 1.0000E+00   1
  52    23.732 7.86192037E+02 7.86190101E+02 1.00000000E+00 1.93603557E-03 2.09203654E+01 1.0000E+00   1
  53    23.398 7.65289023E+02 7.65287041E+02 1.00000000E+00 1.98166185E-03 1.95205251E+01 1.0000E+00   1
  54    23.049 7.43300904E+02 7.43298845E+02 1.00000000E+00 2.05831051E-03 2.09849352E+01 1.0000E+00   1
  55    22.850 7.31018315E+02 7.31016210E+02 1.00000000E+00 2.10517555E-03 2.10490485E+01 1.0000E+00   1
  56    22.703 7.21995041E+02 7.21992915E+02 1.00000000E+00 2.12660910E-03 1.88142542E+01 1.0000E+00   1
  57    22.544 7.12333745E+02 7.12331600E+02 1.00000000E+00 2.14537183E-03 1.73805513E+01 1.0000E+00   1
  58    22.274 6.95931538E+02 6.95929341E+02 1.00000000E+00 2.19706232E-03 1.89379087E+01 1.0000E+00   1
  59    22.133 6.87318233E+02 6.87316011E+02 1.00000000E+00 2.22170352E-03 1.73016821E+01 1.0000E+00   1
  60    21.948 6.76055159E+02 6.76052906E+02 1.00000000E+00 2.25345647E-03 1.58895951E+01 1.0000E+00   1
  61    21.821 6.68128999E+02 6.68126722E+02 1.00000000E+00 2.27740803E-03 1.56112338E+01 1.0000E+00   1
  62    21.651 6.57254078E+02 6.57251759E+02 1.00000000E+00 2.31862774E-03 1.68918876E+01 1.0000E+00   1
  63    21.532 6.49657238E+02 6.49654890E+02 1.00000000E+00 2.34799709E-03 1.64424470E+01 1.0000E+00   1
  64    21.461 6.45201819E+02 6.45199460E+02 1.00000000E+00 2.35930341E-03 1.75501730E+01 1.0000E+00   1
  65    21.310 6.36109122E+02 6.36106739E+02 1.00000000E+00 2.38254148E-03 1.57691374E+01 1.0000E+00   1
  66    21.179 6.27925482E+02 6.27923069E+02 1.00000000E+00 2.41308253E-03 1.61926218E+01 1.0000E+00   1
  67    21.069 6.21497637E+02 6.21495209E+02 1.00000000E+00 2.42844750E-03 1.54362966E+01 1.0000E+00   1
  68    20.888 6.11127174E+02 6.11124725E+02 1.00000000E+00 2.44899470E-03 1.87310479E+01 1.0000E+00   1
  69    20.757 6.03225670E+02 6.03223196E+02 1.00000000E+00 2.47395826E-03 1.87506877E+01 1.0000E+00   1
  70    20.625 5.95580032E+02 5.95577542E+02 1.00000000E+00 2.49048763E-03 1.69515352E+01 1.0000E+00   1
  71    20.464 5.85787256E+02 5.85784727E+02 1.00000000E+00 2.52893755E-03 1.59359123E+01 1.0000E+00   1
  72    20.343 5.78557223E+02 5.78554670E+02 1.00000000E+00 2.55254708E-03 2.45150643E+01 1.0000E+00   1
  73    20.232 5.71944720E+02 5.71942148E+02 1.00000000E+00 2.57180073E-03 2.04191170E+01 1.0000E+00   1
  74    20.130 5.66232743E+02 5.66230161E+02 1.00000000E+00 2.58225292E-03 1.72099182E+01 1.0000E+00   1
  75    20.041 5.60882687E+02 5.60880089E+02 1.00000000E+00 2.59839676E-03 1.65889023E+01 1.0000E+00   1
  76    19.994 5.57766481E+02 5.57763867E+02 1.00000000E+00 2.61400077E-03 1.71060730E+01 1.0000E+00   1
  77    19.875 5.51128171E+02 5.51125544E+02 1.00000000E+00 2.62726781E-03 1.77281039E+01 1.0000E+00   1
  78    19.770 5.45184667E+02 5.45182026E+02 1.00000000E+00 2.64094032E-03 1.47637950E+01 1.0000E+00   1
  79    19.710 5.41423303E+02 5.41420647E+02 1.00000000E+00 2.65578060E-03 1.41646051E+01 1.0000E+00   1
  80    19.664 5.38598550E+02 5.38595885E+02 1.00000000E+00 2.66549061E-03 1.42199692E+01 1.0000E+00   1
  81    19.579 5.33524168E+02 5.33521481E+02 1.00000000E+00 2.68731435E-03 2.12820898E+01 1.0000E+00   1
  82    19.507 5.29267494E+02 5.29264784E+02 1.00000000E+00 2.70982123E-03 1.41370059E+01 1.0000E+00   1
  83    19.457 5.26585239E+02 5.26582519E+02 1.00000000E+00 2.72024252E-03 1.27790023E+01 1.0000E+00   1
  84    19.403 5.23689160E+02 5.23686428E+02 1.00000000E+00 2.73239545E-03 1.26495555E+01 1.0000E+00   1
  85    19.375 5.22120493E+02 5.22117751E+02 1.00000000E+00 2.74137302E-03 1.27655551E+01 1.0000E+00   1
  86    19.275 5.16621712E+02 5.16618943E+02 1.00000000E+00 2.76955863E-03 1.32717669E+01 1.0000E+00   1
  87    19.221 5.13445872E+02 5.13443083E+02 1.00000000E+00 2.78866978E-03 1.34423357E+01 1.0000E+00   1
  88    19.220 5.12690139E+02 5.12687328E+02 1.00000000E+00 2.81082073E-03 1.63485897E+01 1.0000E+00   1
  89    19.142 5.08430682E+02 5.08427855E+02 1.00000000E+00 2.82675023E-03 1.39265984E+01 1.0000E+00   1
  90    19.112 5.06454104E+02 5.06451263E+02 1.00000000E+00 2.84047982E-03 1.39317771E+01 1.0000E+00   1
  91    19.057 5.03497965E+02 5.03495119E+02 1.00000000E+00 2.84684568E-03 1.30326065E+01 1.0000E+00   1
  92    19.039 5.02489148E+02 5.02486297E+02 1.00000000E+00 2.85036317E-03 1.77793032E+01 1.0000E+00   1
  93    19.005 5.00532998E+02 5.00530140E+02 1.00000000E+00 2.85853191E-03 2.35729180E+01 1.0000E+00   1
  94    18.987 4.99078085E+02 4.99075206E+02 1.00000000E+00 2.87894585E-03 1.49257287E+01 1.0000E+00   1
  95    18.953 4.97408407E+02 4.97405525E+02 1.00000000E+00 2.88219286E-03 1.26154755E+01 1.0000E+00   1
  96    18.913 4.95211032E+02 4.95208138E+02 1.00000000E+00 2.89459264E-03 1.40564756E+01 1.0000E+00   1
  97    18.876 4.93300420E+02 4.93297522E+02 1.00000000E+00 2.89803747E-03 1.34000485E+01 1.0000E+00   1
  98    18.846 4.91258651E+02 4.91255734E+02 1.00000000E+00 2.91713983E-03 1.19678586E+01 1.0000E+00   1
  99    18.808 4.88924680E+02 4.88921748E+02 1.00000000E+00 2.93207231E-03 1.12657457E+01 1.0000E+00   1
 100    18.787 4.87469010E+02 4.87466066E+02 1.00000000E+00 2.94418556E-03 1.11546984E+01 1.0000E+00   1
 101    18.725 4.83873553E+02 4.83870591E+02 1.00000000E+00 2.96207537E-03 1.13412308E+01 1.0000E+00   1
 102    18.672 4.80762405E+02 4.80759428E+02 1.00000000E+00 2.97635827E-03 1.09290066E+01 1.0000E+00   1
 103    18.625 4.78001023E+02 4.77998037E+02 1.00000000E+00 2.98598393E-03 1.06696336E+01 1.0000E+00   1
 104    18.593 4.75891519E+02 4.75888522E+02 1.00000000E+00 2.99658848E-03 1.17479573E+01 1.0000E+00   1
 105    18.543 4.73332669E+02 4.73329669E+02 1.00000000E+00 2.99928737E-03 1.05131249E+01 1.0000E+00   1
 106    18.489 4.70233784E+02 4.70230779E+02 1.00000000E+00 3.00539393E-03 9.76504746E+00 1.0000E+00   1
