iter rms       Phi            Phid           lambda         Phim           gnorm          step       nfg
   0    15.815 2.50109450E+02 2.50109450E+02 1.00000000E+00 0.00000000E+00 6.68898803E+00 0.0000E+00   0
   1     7.663 5.87201068E+01 5.87200304E+01 1.00000000E+00 7.63931395E-05 1.97263852E+00 1.0000E+00   1
   2     6.251 3.90711889E+01 3.90711066E+01 1.00000000E+00 8.22434641E-05 1.38909057E+00 1.0000E+00   1
   3     5.182 2.68551089E+01 2.68550061E+01 1.00000000E+00 1.02808872E-04 1.35864166E+00 1.0000E+00   1
   4     3.825 1.46275549E+01 1.46274378E+01 1.00000000E+00 1.17081094E-04 8.30155609E-01 1.0000E+00   1
   5     2.995 8.97152777E+00 8.97140683E+00 1.00000000E+00 1.20944363E-04 4.51746942E-01 1.0000E+00   1
   6     2.617 6.85085847E+00 6.85073606E+00 1.00000000E+00 1.22409624E-04 3.03516607E-01 1.0000E+00   1
   7     2.390 5.71383483E+00 5.71370973E+00 1.00000000E+00 1.25104486E-04 2.73587195E-01 1.0000E+00   1
   8     2.132 4.54487777E+00 4.54474113E+00 1.00000000E+00 1.36634992E-04 2.63268012E-01 1.0000E+00   1
   9     2.088 4.35875080E+00 4.35859488E+00 1.00000000E+00 1.55927037E-04 3.08873264E-01 1.0000E+00   1
  10     1.957 3.83162382E+00 3.83145915E+00 1.00000000E+00 1.64669843E-04 2.35339207E-01 1.0000E+00   1
  11     1.849 3.41786207E+00 3.41769257E+00 1.00000000E+00 1.69496533E-04 1.98757914E-01 1.0000E+00   1
  12     1.792 3.21252019E+00 3.21234932E+00 1.00000000E+00 1.70873441E-04 1.79082277E-01 1.0000E+00   1
  13     1.709 2.92035425E+00 2.92017697E+00 1.00000000E+00 1.77272348E-04 1.59131894E-01 1.0000E+00   1
  14     1.664 2.76846767E+00 2.76827928E+00 1.00000000E+00 1.88393888E-04 1.63167993E-01 1.0000E+00   1
  15     1.640 2.69081587E+00 2.69060739E+00 1.00000000E+00 2.08488638E-04 1.78895183E-01 1.0000E+00   1
  16     1.637 2.67960113E+00 2.67937631E+00 1.00000000E+00 2.24820917E-04 1.71109763E-01 1.0000E+00   1
  17     1.634 2.67165275E+00 2.67141545E+00 1.00000000E+00 2.37300075E-04 1.52755259E-01 1.0000E+00   1
  18     1.627 2.64796963E+00 2.64773115E+00 1.00000000E+00 2.38482604E-04 1.46740455E-01 2.5220E-01   2
  19     1.614 2.60393171E+00 2.60369232E+00 1.00000000E+00 2.39390658E-04 1.37924907E-01 2.5128E-01   2
  20     1.605 2.57706146E+00 2.57682046E+00 1.00000000E+00 2.41001657E-04 1.31434363E-01 2.2083E-01   2
  21     1.599 2.55819829E+00 2.55795550E+00 1.00000000E+00 2.42793559E-04 1.26802598E-01 2.0577E-01   2
  22     1.595 2.54468619E+00 2.54444116E+00 1.00000000E+00 2.45026160E-04 1.23937266E-01 1.9352E-01   2
  23     1.593 2.53752008E+00 2.53727288E+00 1.00000000E+00 2.47197144E-04 1.22114430E-01 1.7373E-01   2
  24     1.591 2.53148667E+00 2.53123676E+00 1.00000000E+00 2.49913917E-04 1.22401348E-01 1.6817E-01   2
  25     1.591 2.53103108E+00 2.53077872E+00 1.00000000E+00 2.52357348E-04 1.21444928E-01 1.5401E-01   2
  26     1.591 2.53054314E+00 2.53028861E+00 1.00000000E+00 2.54536047E-04 1.22181150E-01 1.1109E-01   4
  27     1.590 2.52927090E+00 2.52901408E+00 1.00000000E+00 2.56824340E-04 1.22096054E-01 1.1192E-01   4
  28     1.590 2.52805322E+00 2.52779351E+00 1.00000000E+00 2.59711859E-04 1.22736290E-01 1.1124E-01   4
  29     1.534 2.35228660E+00 2.35202290E+00 1.00000000E+00 2.63703059E-04 1.25196847E-01 1.0000E+00   1
  30     1.508 2.27515764E+00 2.27488915E+00 1.00000000E+00 2.68494915E-04 1.11420809E-01 1.0000E+00   1
  31     1.501 2.25357831E+00 2.25330661E+00 1.00000000E+00 2.71696100E-04 1.09044242E-01 1.0000E+00   1
  32     1.500 2.24957206E+00 2.24929145E+00 1.00000000E+00 2.80612056E-04 1.06023682E-01 1.0000E+00   1
  33     1.492 2.22773232E+00 2.22745143E+00 1.00000000E+00 2.80895591E-04 1.02421675E-01 2.5165E-01   2
  34     1.488 2.21404466E+00 2.21376329E+00 1.00000000E+00 2.81377270E-04 1.01536451E-01 2.6451E-01   2
  35     1.483 2.20022685E+00 2.19994458E+00 1.00000000E+00 2.82270499E-04 9.53864516E-02 2.5993E-01   2
  36     1.481 2.19389631E+00 2.19361295E+00 1.00000000E+00 2.83360827E-04 9.31577161E-02 2.1307E-01   2
  37     1.480 2.19052593E+00 2.19024106E+00 1.00000000E+00 2.84865737E-04 9.19701236E-02 1.8628E-01   2
  38     1.472 2.16720409E+00 2.16691790E+00 1.00000000E+00 2.86189439E-04 9.10631776E-02 2.7348E-01   2
  39     1.469 2.15923888E+00 2.15895124E+00 1.00000000E+00 2.87642840E-04 1.03369105E-01 1.0000E+00   1
  40     1.469 2.15879205E+00 2.15849917E+00 1.00000000E+00 2.92877293E-04 1.27436582E-01 1.0000E+00   1
  41     1.469 2.15836972E+00 2.15807461E+00 1.00000000E+00 2.95109384E-04 1.28034083E-01 2.9741E-01   4
  42     1.468 2.15608646E+00 2.15578712E+00 1.00000000E+00 2.99334437E-04 1.25612649E-01 1.7115E-01   2
  43     1.460 2.13283062E+00 2.13253117E+00 1.00000000E+00 2.99452790E-04 9.84430460E-02 7.4241E-02   2
  44     1.459 2.12800907E+00 2.12770947E+00 1.00000000E+00 2.99600440E-04 9.36101181E-02 2.8743E-01   2
  45     1.458 2.12523842E+00 2.12493859E+00 1.00000000E+00 2.99825151E-04 9.17166310E-02 2.2188E-01   2
  46     1.457 2.12357803E+00 2.12327788E+00 1.00000000E+00 3.00154769E-04 9.09018605E-02 1.9440E-01   2
  47     1.457 2.12290705E+00 2.12260643E+00 1.00000000E+00 3.00612991E-04 9.04686732E-02 1.7910E-01   2
  48     1.454 2.11309571E+00 2.11279405E+00 1.00000000E+00 3.01652677E-04 8.24785609E-02 1.9792E-01   2
  49     1.454 2.11300132E+00 2.11269921E+00 1.00000000E+00 3.02102714E-04 8.35217446E-02 3.1049E-01   4
  50     1.453 2.11295122E+00 2.11264896E+00 1.00000000E+00 3.02261331E-04 8.13728686E-02 3.9303E+00   4
